0.00644091097638
0.150758370757
0.0915584489703
0.0455995984375
0.026456490159
0.0158071760088
0.00934060383588
0.0065435548313
0.00477294577286
0.00302799791098
0.00212986301631
0.00143701594789
0.000769830017816
0.000975118018687
0.00123172800522
0.000564542016946
0.000359253986971
0.00020528800087
0.000282271008473
0.000153966000653
0.000179626993486
0.000153966000653
0.000102644000435
0.0
0.000102644000435
7.69830003264e-05
5.13220002176e-05
2.56610001088e-05
2.56610001088e-05
2.56610001088e-05
5.13220002176e-05
2.56610001088e-05
2.56610001088e-05
0.0
0.0
0.0
0.0
0.0
0.0
0.0
0.0
0.0
0.0
0.0
0.0
0.0
0.0
0.0
0.0
0.0
0.0
0.0
