0.0
0.000592447991949
0.0867566019297
0.00929402839392
0.000333252013661
7.40559989936e-05
3.70279994968e-05
0.000111084002128
0.000148111997987
3.70279994968e-05
7.40559989936e-05
7.40559989936e-05
0.000111084002128
0.000148111997987
0.000222168004257
0.000185140001122
0.000111084002128
0.000222168004257
0.000111084002128
0.000370280002244
0.000222168004257
0.000333252013661
0.000259196007391
0.000407307990827
0.000518392014783
0.00114786799531
0.00174031604547
0.00322143593803
0.00655395584181
0.0176993831992
0.0171069353819
0.0037768559996
0.000740560004488
0.000148111997987
0.000148111997987
0.000148111997987
0.000111084002128
0.000111084002128
3.70279994968e-05
0.0
7.40559989936e-05
7.40559989936e-05
0.000185140001122
3.70279994968e-05
0.000111084002128
0.0
3.70279994968e-05
3.70279994968e-05
0.0
0.0
3.70279994968e-05
