4.59709990537e-05
0.00165495602414
0.0985158532858
0.0112628946081
0.000367767992429
4.59709990537e-05
0.000137912997161
0.000229854995268
0.000459709990537
0.000275825994322
0.000551651988644
0.00059762300225
0.000459709990537
0.000643594015855
0.00110330397729
0.00082747801207
0.00193078198936
0.00326394103467
0.0105273593217
0.0325934402645
0.0148026617244
0.00110330397729
0.000367767992429
0.000229854995268
0.000137912997161
0.000183883996215
0.000275825994322
0.000275825994322
0.000183883996215
0.000321797007928
0.000321797007928
0.000183883996215
0.000183883996215
0.000183883996215
0.000275825994322
9.19419981074e-05
4.59709990537e-05
9.19419981074e-05
0.0
0.000137912997161
0.0
4.59709990537e-05
4.59709990537e-05
9.19419981074e-05
4.59709990537e-05
9.19419981074e-05
0.0
4.59709990537e-05
9.19419981074e-05
9.19419981074e-05
4.59709990537e-05
