0.0
0.000298572005704
0.0587938018143
0.00614560721442
0.000174166998477
0.0
2.48809992627e-05
2.48809992627e-05
2.48809992627e-05
2.48809992627e-05
7.4643001426e-05
2.48809992627e-05
4.97619985254e-05
4.97619985254e-05
0.0
2.48809992627e-05
7.4643001426e-05
4.97619985254e-05
0.000149286002852
4.97619985254e-05
7.4643001426e-05
7.4643001426e-05
0.000149286002852
4.97619985254e-05
2.48809992627e-05
0.000174166998477
9.95239970507e-05
0.000174166998477
0.000174166998477
4.97619985254e-05
0.000298572005704
0.000124405007227
0.000273690995527
0.000547381991055
0.000796191976406
0.000895716017112
0.0018163130153
0.00194071803708
0.00360774504952
0.00793703924865
0.01181847509
0.00480203283951
0.0016172650503
0.000199047994101
4.97619985254e-05
2.48809992627e-05
0.000149286002852
4.97619985254e-05
9.95239970507e-05
2.48809992627e-05
4.97619985254e-05
