3.21740008076e-05
0.00447218585759
0.0367748811841
0.00672436598688
0.000997393974103
0.000804350012913
0.00112608994823
0.00254174601287
0.0118078580126
0.0242591965944
0.00234870193526
0.000868697999977
0.000900871993508
0.000997393974103
0.000675653980579
0.000514784012921
0.000514784012921
0.000450435996754
0.000257392006461
0.000353913987055
0.000418262003222
0.000225217998377
0.000418262003222
0.000160869996762
0.000193044004845
0.00012869600323
0.000257392006461
9.65220024227e-05
0.00012869600323
0.00012869600323
0.000257392006461
0.000160869996762
0.000257392006461
0.000160869996762
9.65220024227e-05
6.43480016151e-05
9.65220024227e-05
0.00012869600323
0.000225217998377
6.43480016151e-05
0.00012869600323
0.0
0.000193044004845
3.21740008076e-05
0.0
3.21740008076e-05
3.21740008076e-05
0.00012869600323
9.65220024227e-05
3.21740008076e-05
3.21740008076e-05
