0.323329985142
83.7424697876
304.576873779
73.7192382812
42.3562316895
58.522731781
60.7860412598
79.5391769409
73.0725784302
78.2458572388
58.1994018555
46.2361907959
32.0096702576
23.9264202118
20.046459198
19.7231292725
9.05323982239
10.6698904037
8.08325004578
8.40657997131
6.46659994125
4.84994983673
3.23329997063
3.87996006012
2.2633099556
1.61664998531
1.29331994057
1.93998003006
0.96999001503
0.323329985142
0.646659970284
0.323329985142
1.29331994057
0.646659970284
0.646659970284
0.323329985142
0.0
0.646659970284
0.0
0.0
0.0
0.323329985142
0.0
0.323329985142
0.0
0.0
0.646659970284
0.0
0.0
0.0
0.0
