0.0
2.08610003938e-06
0.0
2.08610003938e-06
2.08610003938e-06
4.17220007876e-06
0.0
2.08610003938e-06
0.0
4.17220007876e-06
0.0
0.0
2.08610003938e-06
2.08610003938e-06
2.08610003938e-06
0.0
0.0
0.0
0.0
0.0
2.08610003938e-06
0.0
4.17220007876e-06
0.0
0.0
2.08610003938e-06
2.08610003938e-06
4.17220007876e-06
4.17220007876e-06
2.29471006605e-05
0.000427650491474
0.00390935130417
8.97022982826e-05
0.0
2.08610003938e-06
2.08610003938e-06
4.17220007876e-06
0.0
0.0
0.0
0.0
0.0
0.0
0.0
0.0
0.0
0.0
0.0
0.0
0.0
0.0
0.0
