0.0
2.57850001617e-06
2.57850001617e-06
1.54709996423e-05
2.57850006165e-05
7.73549982114e-06
5.15700003234e-06
7.73549982114e-06
2.57850001617e-06
1.03140000647e-05
2.57850001617e-06
2.57850001617e-06
2.57850001617e-06
0.0
2.57850001617e-06
5.15700003234e-06
0.0
5.15700003234e-06
7.73549982114e-06
0.000154709996423
0.00496361264959
0.000110875502287
1.03140000647e-05
2.57850001617e-06
2.57850001617e-06
2.57850001617e-06
0.0
0.0
2.57850001617e-06
2.57850001617e-06
0.0
0.0
0.0
0.0
0.0
0.0
0.0
0.0
0.0
0.0
0.0
0.0
0.0
0.0
0.0
0.0
0.0
0.0
0.0
0.0
0.0
0.0
