0.0
0.0
0.146291196346
0.801276803017
0.741430401802
0.684908807278
0.674934387207
0.545267224312
0.502044796944
0.448848009109
0.335804790258
0.272633612156
0.285932809114
0.172889605165
0.132991999388
0.113043196499
0.10639359802
0.10971839726
0.0631712004542
0.0332479998469
0.0332479998469
0.026598399505
0.0432224012911
0.0332479998469
0.0199487991631
0.0199487991631
0.00997439958155
0.0166239999235
0.00997439958155
0.0
0.00332479993813
0.00664959987625
0.0
0.0
0.00332479993813
0.00332479993813
0.00332479993813
0.0
0.0
0.0
0.00664959987625
0.0
0.0
0.00332479993813
0.00332479993813
0.0
0.00332479993813
0.0
0.00332479993813
0.00332479993813
0.0
0.00332479993813
