0.0
2.08460005524e-06
0.0
6.25380016572e-06
1.66768004419e-05
6.25380016572e-06
8.33840022096e-06
1.25076003314e-05
1.04230002762e-05
6.25380016572e-06
4.16920011048e-06
2.08460005524e-06
4.16920011048e-06
0.0
0.0
2.08460005524e-06
0.0
2.08460005524e-06
4.16920011048e-06
6.25380016572e-06
2.08460005524e-06
4.16920011048e-06
2.08460005524e-06
6.25380016572e-06
2.29306006077e-05
2.91844007734e-05
6.8791800004e-05
0.000156345005962
0.000537826796062
0.00125909841154
0.00222843745723
0.00232849828899
0.00161348038819
0.000721271615475
0.00029392860597
0.000116737603093
6.0453399783e-05
2.91844007734e-05
1.66768004419e-05
1.45922003867e-05
2.08460005524e-06
0.0
4.16920011048e-06
2.08460005524e-06
0.0
0.0
0.0
0.0
0.0
0.0
0.0
