0.0
1.3756999806e-06
0.0
5.5027999224e-06
1.3756999806e-06
2.7513999612e-06
4.12710005548e-06
5.5027999224e-06
2.7513999612e-06
9.62989997788e-06
4.12710005548e-06
2.7513999612e-06
5.5027999224e-06
0.0
0.0
0.0
0.0
1.3756999806e-06
0.0
2.7513999612e-06
0.0
0.0
0.0
1.3756999806e-06
0.0
0.0
0.0
0.0
1.3756999806e-06
2.7513999612e-06
1.3756999806e-06
1.3756999806e-06
5.5027999224e-06
1.65084002219e-05
4.12709996453e-05
3.85195999115e-05
9.49232999119e-05
0.000232493301155
0.000379693199648
0.000597053789534
0.00087081809761
0.00103727774695
0.00101664231624
0.000829547119793
0.000526893127244
0.000390698813135
0.00022286339663
0.000137569993967
7.84149015089e-05
3.30168004439e-05
1.65084002219e-05
