0.0
0.0
5.15579995408e-06
3.3512700611e-05
1.54673998622e-05
2.32011007029e-05
2.06231998163e-05
1.54673998622e-05
1.80453007488e-05
2.57789997704e-06
7.73369993112e-06
5.15579995408e-06
2.57789997704e-06
5.15579995408e-06
0.0
7.73369993112e-06
2.32011007029e-05
0.000105693899968
0.000489800993819
0.0026191463694
0.00548834912479
0.0020880990196
0.000440820906078
7.47590966057e-05
2.57789997704e-05
5.15579995408e-06
2.57789997704e-06
2.57789997704e-06
2.57789997704e-06
2.57789997704e-06
0.0
2.57789997704e-06
0.0
0.0
0.0
0.0
0.0
0.0
0.0
0.0
0.0
0.0
0.0
0.0
0.0
0.0
0.0
0.0
0.0
0.0
0.0
