0.0
0.00332479993813
0.395651191473
1.92173445225
2.0015296936
1.90843522549
1.60255360603
1.49948477745
1.34654402733
1.19027841091
0.857798397541
0.804601609707
0.591814398766
0.465472012758
0.379027187824
0.295907199383
0.289257586002
0.206137597561
0.156265601516
0.139641597867
0.0997439995408
0.0964192003012
0.0664959996939
0.0731455981731
0.0698207989335
0.0498719997704
0.0398975983262
0.0166239999235
0.0199487991631
0.00997439958155
0.0166239999235
0.0232736002654
0.00664959987625
0.00332479993813
0.00332479993813
0.00997439958155
0.00664959987625
0.00332479993813
0.0
0.00332479993813
0.00332479993813
0.00664959987625
0.0
0.0
0.00332479993813
0.0
0.0
0.0
0.0
0.00332479993813
0.0
