0.00404674978927
0.359351396561
0.986597657204
0.205574899912
0.0768882483244
0.108452901244
0.142445594072
0.199100106955
0.250089138746
0.250898510218
0.216096445918
0.161060646176
0.12140250206
0.101168751717
0.0736508518457
0.0566545017064
0.057463850826
0.0461329482496
0.0323739983141
0.019424399361
0.019424399361
0.0129495998845
0.0121402498335
0.0186150502414
0.00971219968051
0.00485609984025
0.00809349957854
0.00566544989124
0.00566544989124
0.00566544989124
0.00485609984025
0.00242804992013
0.00323739997111
0.00242804992013
0.0
0.00161869998556
0.00161869998556
0.00242804992013
0.00161869998556
0.00161869998556
0.000809349992778
0.00323739997111
0.000809349992778
0.000809349992778
0.0
0.0
0.000809349992778
0.0
0.0
0.000809349992778
0.0
0.00242804992013
