0.00326104811393
0.00425594393164
0.00373086007312
0.00245960406028
0.00182397605386
0.00132652802859
0.00138180004433
0.000746171979699
0.000967259984463
0.000497448025271
0.000442176009528
0.000386903993785
0.000276359991403
0.000221088004764
0.000303995999275
0.000303995999275
0.000276359991403
0.000193451996893
0.000248724012636
0.000165816003573
0.0179357640445
0.288851469755
0.00735117588192
0.0
0.0
0.0
0.0
0.0
2.76360005955e-05
2.76360005955e-05
0.0
0.0
2.76360005955e-05
0.0
0.0
2.76360005955e-05
0.0
0.0
0.0
0.0
0.0
0.0
0.0
0.0
0.0
0.0
0.0
2.76360005955e-05
0.0
0.0
