0.00461759977043
0.0069264001213
0.0103895999491
0.0184703990817
0.0277056004852
0.0248195994645
0.0277056004852
0.0386723987758
0.0623375996947
0.0756132006645
0.0940835997462
0.108513601124
0.124675199389
0.139682397246
0.17027400434
0.184126794338
0.197979599237
0.207791998982
0.217027202249
0.22914840281
0.20952360332
0.430014014244
3.79624438286
0.310533612967
0.199711203575
0.182972401381
0.174314394593
0.156421199441
0.165079206228
0.134487599134
0.123520798981
0.116594396532
0.113131202757
0.0987012013793
0.104473203421
0.0900432020426
0.0854256004095
0.0836940035224
0.0813852027059
0.0565656013787
0.0565656013787
0.0467532016337
0.0519479997456
0.0398267991841
0.0421356000006
0.0421356000006
0.034054800868
0.0363636016846
0.0329004004598
0.0265512000769
0.0236652009189
0.243578404188
