0.00148079998326
0.00207312009297
0.00236927997321
0.00325776007958
0.00325776007958
0.00414624018595
0.00473855994642
0.00503472005948
0.00473855994642
0.00473855994642
0.00681167980656
0.0085886400193
0.00799631979316
0.0136233596131
0.0151041597128
0.0174734406173
0.0165849607438
0.0228043198586
0.0239889603108
0.0299121607095
0.0385008007288
0.0408700816333
0.04383167997
0.0488663986325
0.0547895990312
0.0530126392841
0.059824321419
0.0684129595757
0.0764092803001
0.0761131197214
0.0743361636996
0.0832209587097
0.0772977620363
0.0734476819634
0.088848002255
0.0864787176251
0.0823324769735
0.0876633599401
0.0855902433395
0.0838132798672
0.0826286375523
0.0885518416762
0.0743361636996
0.0764092803001
0.0906249582767
0.654217422009
1.3309429884
0.176215201616
0.0657475218177
0.0580473616719
0.0482740812004
0.716411054134
