0.00135359994601
0.00496320007369
0.00451199989766
0.00721920002252
0.00721920002252
0.00992640014738
0.00902399979532
0.00992640014738
0.0166944004595
0.0166944004595
0.0207551997155
0.0243647992611
0.0388032011688
0.037900801748
0.0514368005097
0.0586559996009
0.0518880002201
0.0771552026272
0.0857279971242
0.0861791968346
0.0911424010992
0.110544003546
0.124080002308
0.123177602887
0.126335993409
0.124531202018
0.144835203886
0.153408005834
0.147542402148
0.141676798463
0.152054399252
0.143030405045
0.14934720099
0.699360013008
2.61335039139
0.259440004826
0.118214398623
0.110544003546
0.097007997334
0.102873601019
0.0839231982827
0.079411201179
0.0861791968346
0.0735455974936
0.0636191964149
0.0721919983625
0.0658752024174
0.0541439987719
0.0509856007993
0.0451200008392
0.0428639985621
0.510758399963
