0.013757600449
0.0289383996278
0.0389008000493
0.06641600281
0.079699203372
0.126664802432
0.152282401919
0.201145604253
0.225339993834
0.271831214428
2.99251508713
0.274203211069
0.239572003484
0.220121607184
0.218698397279
0.204940795898
0.155603200197
0.157500803471
0.145640805364
0.124767199159
0.114330403507
0.109586402774
0.0939311981201
0.0778016000986
0.0683135986328
0.0645183995366
0.0668904036283
0.0555047988892
0.0479144006968
0.0479144006968
0.0403239987791
0.0351056009531
0.0275152008981
0.0246687997133
0.0227712001652
0.0147064002231
0.0170783996582
0.0194504000247
0.0185016002506
0.0109112001956
0.0123343998566
0.013757600449
0.0085391998291
0.00806479994208
0.00759040005505
0.00759040005505
0.00806479994208
0.00569280004129
0.00474399980158
0.00569280004129
0.00189760001376
0.039849601686
