0.0
0.0
0.0
0.0
0.0
0.0
7.73549982114e-05
7.73549982114e-05
0.000283634988591
0.000283634988591
0.000464129989268
0.0010056149913
0.00108296994586
0.00116032501683
0.0016760249855
0.00198544492014
0.00149553001393
0.00152131495997
0.00198544492014
0.00190808996558
0.00252693006769
0.00239800498821
0.00229486497119
0.00265585491434
0.00263007008471
0.00244957511313
0.00281056505628
0.00250114500523
0.00311998510733
0.00283634988591
0.00327469501644
0.00366147002205
0.00355833000503
0.00489915022627
0.0053632799536
0.00587897980586
0.00752922007814
0.00876689981669
0.00984986964613
0.0143106747419
0.0135371247306
0.00961780454963
0.0055953450501
0.00309420004487
0.00152131495997
0.00152131495997
0.00144396000542
0.0013408199884
0.00144396000542
0.00105718499981
0.000979830045253
0.0188488345593
