0.0
0.0
0.0
134.324996948
134.324996948
492.524993896
731.325012207
2059.64990234
5537.17480469
8193.82519531
9074.40039062
10059.4501953
8372.92480469
7178.92480469
6581.92480469
5716.27490234
4850.625
4164.07519531
3940.19995117
2611.875
2373.07495117
2358.14990234
2044.72497559
1447.72497559
1402.94995117
1402.94995117
1029.82495117
1014.90002441
791.025024414
761.174987793
835.799987793
731.325012207
522.375
477.600006104
462.674987793
343.274993896
417.899993896
343.274993896
283.575012207
373.125
283.575012207
179.100006104
208.949996948
223.875
164.175003052
89.5500030518
59.7000007629
89.5500030518
74.625
29.8500003815
149.25
835.799987793
