1.34418996822e-05
8.69769974088e-06
4.74419994134e-06
7.11629991201e-06
1.02791000245e-05
4.74419994134e-06
7.11629991201e-06
5.53490008315e-06
3.95349979954e-06
7.90700028119e-07
0.0
6.32560022495e-06
3.16280011248e-06
2.37209997067e-06
1.58140005624e-06
7.90700028119e-07
7.90700028119e-07
3.16280011248e-06
0.0
0.0
1.58140005624e-06
1.58140005624e-06
7.90700028119e-07
1.58140005624e-06
2.37209997067e-06
2.37209997067e-06
6.32560022495e-06
1.660469934e-05
3.71628993889e-05
0.000182651696377
0.000540048116818
0.000876886304468
0.000369256886188
0.000103581696749
3.00465999317e-05
1.26512004499e-05
6.32560022495e-06
1.58140005624e-06
3.16280011248e-06
7.90700028119e-07
7.90700028119e-07
0.0
0.0
7.90700028119e-07
0.0
0.0
0.0
0.0
0.0
0.0
0.0
0.0
