1.86678007594e-05
3.11129997499e-06
1.03709999166e-05
1.55564994202e-05
1.24451999e-05
9.33390037972e-06
3.11129997499e-06
4.14839996665e-06
5.18549995832e-06
1.03709999166e-06
2.07419998333e-06
1.03709999166e-06
1.03709999166e-06
0.0
2.07419998333e-06
3.11129997499e-06
4.14839996665e-06
8.29679993331e-06
4.66694982606e-05
0.000400320597691
0.00178070075344
0.000442841701442
4.66694982606e-05
4.14839996665e-06
2.07419998333e-06
1.03709999166e-06
1.03709999166e-06
2.07419998333e-06
0.0
1.03709999166e-06
0.0
0.0
0.0
0.0
0.0
0.0
0.0
0.0
0.0
0.0
0.0
0.0
0.0
0.0
0.0
0.0
0.0
0.0
0.0
0.0
0.0
0.0
