1.86678007594e-05
2.07419998333e-06
9.33390037972e-06
1.34823003464e-05
1.1408100363e-05
6.22259994998e-06
5.18549995832e-06
5.18549995832e-06
6.22259994998e-06
1.03709999166e-06
2.07419998333e-06
1.03709999166e-06
1.03709999166e-06
0.0
1.03709999166e-06
4.14839996665e-06
3.11129997499e-06
9.33390037972e-06
4.56324014522e-05
0.000393060909119
0.00178796041291
0.000448027189123
4.66694982606e-05
4.14839996665e-06
1.03709999166e-06
1.03709999166e-06
1.03709999166e-06
2.07419998333e-06
0.0
1.03709999166e-06
0.0
0.0
0.0
0.0
0.0
0.0
0.0
0.0
0.0
0.0
0.0
0.0
0.0
0.0
0.0
0.0
1.03709999166e-06
0.0
0.0
0.0
0.0
0.0
