1.34418996822e-05
7.11629991201e-06
2.37209997067e-06
6.32560022495e-06
9.48839988268e-06
4.74419994134e-06
4.74419994134e-06
3.95349979954e-06
3.16280011248e-06
0.0
0.0
4.74419994134e-06
1.58140005624e-06
1.58140005624e-06
1.58140005624e-06
0.0
7.90700028119e-07
2.37209997067e-06
7.90700028119e-07
0.0
1.58140005624e-06
7.90700028119e-07
7.90700028119e-07
7.90700028119e-07
2.37209997067e-06
2.37209997067e-06
6.32560022495e-06
1.660469934e-05
3.87442996725e-05
0.000184233096661
0.00054874579655
0.000881630519871
0.000368466193322
0.000105163097032
3.00465999317e-05
1.26512004499e-05
6.32560022495e-06
1.58140005624e-06
3.16280011248e-06
7.90700028119e-07
7.90700028119e-07
0.0
0.0
7.90700028119e-07
0.0
0.0
0.0
0.0
0.0
0.0
0.0
0.0
