1.16076398626e-05
2.52340009865e-06
1.00935994851e-06
5.04680019731e-06
3.02808007291e-06
4.54212022305e-06
4.03743979405e-06
2.52340009865e-06
1.51404003645e-06
2.01871989702e-06
1.51404003645e-06
1.51404003645e-06
1.00935994851e-06
0.0
1.00935994851e-06
5.04679974256e-07
5.04679974256e-07
5.04679974256e-07
1.00935994851e-06
1.00935994851e-06
1.00935994851e-06
0.0
0.0
5.04679974256e-07
5.04679974256e-07
0.0
5.04679974256e-07
1.00935994851e-06
1.00935994851e-06
0.0
0.0
1.00935994851e-06
1.51404003645e-06
2.52340009865e-06
1.51404003645e-06
6.56084012007e-06
1.05982799141e-05
1.21123202916e-05
3.28042006004e-05
8.4281557065e-05
0.000186731602298
0.000330060720444
0.000378510012524
0.00020389072597
0.000106487481389
4.54211985925e-05
2.57386800513e-05
9.58891996561e-06
6.05616014582e-06
3.02808007291e-06
5.04679974256e-07
5.55148017156e-06
