6.51037189527e-05
8.07487958809e-06
4.54212022305e-06
7.06552009433e-06
6.56084012007e-06
8.5795600171e-06
5.55148017156e-06
5.04680019731e-06
3.53276004716e-06
2.52340009865e-06
2.01871989702e-06
2.01871989702e-06
2.01871989702e-06
1.00935994851e-06
5.04679974256e-07
5.04679974256e-07
0.0
0.0
1.51404003645e-06
1.51404003645e-06
5.04679974256e-07
0.0
0.0
0.0
5.04679974256e-07
0.0
1.00935994851e-06
5.04679974256e-07
1.00935994851e-06
0.0
0.0
1.00935994851e-06
1.00935994851e-06
2.52340009865e-06
1.51404003645e-06
6.56084012007e-06
9.0842404461e-06
1.00936003946e-05
2.97761198453e-05
8.12534781289e-05
0.000173105247086
0.000305836088955
0.00036336958874
0.000191273720702
0.000103459402453
4.54211985925e-05
2.47293191933e-05
9.0842404461e-06
6.05616014582e-06
3.02808007291e-06
5.04679974256e-07
5.55148017156e-06
