0.000103710000985
9.33390037972e-06
1.1408100363e-05
1.97048993869e-05
1.97048993869e-05
1.03709999166e-05
4.14839996665e-06
4.14839996665e-06
5.18549995832e-06
0.0
2.07419998333e-06
1.03709999166e-06
1.03709999166e-06
0.0
1.03709999166e-06
4.14839996665e-06
3.11129997499e-06
9.33390037972e-06
4.25211001129e-05
0.000354688207153
0.00173506827559
0.000433507811977
4.66694982606e-05
4.14839996665e-06
1.03709999166e-06
1.03709999166e-06
1.03709999166e-06
2.07419998333e-06
0.0
1.03709999166e-06
0.0
0.0
0.0
0.0
0.0
0.0
0.0
0.0
0.0
0.0
0.0
0.0
0.0
0.0
0.0
0.0
1.03709999166e-06
0.0
0.0
0.0
0.0
0.0
