9.25119020394e-05
1.34418996822e-05
5.53490008315e-06
1.18605003081e-05
1.4232599824e-05
6.32560022495e-06
7.90699959907e-06
5.53490008315e-06
6.32560022495e-06
2.37209997067e-06
0.0
4.74419994134e-06
3.16280011248e-06
1.58140005624e-06
1.58140005624e-06
0.0
7.90700028119e-07
3.16280011248e-06
7.90700028119e-07
0.0
1.58140005624e-06
1.58140005624e-06
7.90700028119e-07
1.58140005624e-06
2.37209997067e-06
1.58140005624e-06
6.32560022495e-06
1.50232999658e-05
3.40000988217e-05
0.000166837693541
0.000512373575475
0.000846048991662
0.000356605713023
0.000101209603599
2.92558997899e-05
1.18605003081e-05
5.53490008315e-06
1.58140005624e-06
3.16280011248e-06
7.90700028119e-07
7.90700028119e-07
0.0
0.0
7.90700028119e-07
0.0
0.0
0.0
0.0
0.0
0.0
0.0
0.0
