0.0357794798911
0.54304844141
0.268704921007
0.12897016108
0.0669455602765
0.0375223197043
0.0256299991161
0.0155830401927
0.012814999558
0.00799656007439
0.00615119980648
0.00389576004818
0.00307559990324
0.00184536003508
0.00174284004606
0.0020504000131
0.00133275997359
0.000922680017538
0.000820160028525
0.000820160028525
0.000410080014262
0.000512600003276
0.000102520003566
0.000102520003566
0.000205040007131
0.000102520003566
0.000307559996145
0.0
0.0
0.0
0.0
0.000102520003566
0.0
0.0
0.0
0.0
0.0
0.000102520003566
0.0
0.0
0.000205040007131
0.0
0.0
0.000102520003566
0.000102520003566
0.000102520003566
0.000102520003566
0.0
0.0
0.0
0.0
0.000102520003566
