0.0435709990561
0.544688761234
0.266141921282
0.127534881234
0.0652027204633
0.0360870398581
0.02521991916
0.0151729602367
0.01260995958
0.00799656007439
0.00563859986141
0.00369072007015
0.00297307991423
0.00174284004606
0.00164032005705
0.0020504000131
0.00123023998458
0.000922680017538
0.000820160028525
0.000820160028525
0.000410080014262
0.000512600003276
0.000102520003566
0.000102520003566
0.000205040007131
0.000102520003566
0.000307559996145
0.0
0.0
0.0
0.0
0.000102520003566
0.0
0.0
0.0
0.0
0.0
0.000102520003566
0.0
0.0
0.000205040007131
0.0
0.0
0.000102520003566
0.000102520003566
0.000102520003566
0.0
0.0
0.0
0.0
0.0
0.000102520003566
