0.035369399935
0.543766081333
0.269217520952
0.12897016108
0.0668430402875
0.0369071997702
0.0257325191051
0.0156855601817
0.012712479569
0.0080990800634
0.00574111985043
0.00379324005917
0.00307559990324
0.00184536003508
0.00174284004606
0.00215292000212
0.00133275997359
0.000922680017538
0.000820160028525
0.000820160028525
0.000410080014262
0.000512600003276
0.000102520003566
0.000102520003566
0.000205040007131
0.000102520003566
0.000307559996145
0.0
0.0
0.000102520003566
0.0
0.000102520003566
0.0
0.0
0.0
0.0
0.0
0.000102520003566
0.0
0.0
0.000205040007131
0.0
0.0
0.000102520003566
0.000102520003566
0.000102520003566
0.000102520003566
0.0
0.0
0.0
0.0
0.000102520003566
