563.061632118
497.191938079
1054.92156665
1858.60020657
256.724738797
1135.39643859
625.167387352
514.28961461
483.47182685
499.579104642
1211.32589299
496.461926439
500.817587824
612.423532625
630.175285372
492.884574445
2837.40735148
471.165050267
502.429585004
631.442863059
501.825947817
822.585287976
506.133426003
499.676634472
129.861368569
480.140642528
329.885223763
1199.58784009
944.872710557
733.763485476
823.781488796
332.314937093
684.776160911
1268.45339512
759.412713111
475.356056921
501.223276344
785.709905404
502.272010597
499.249319028
572.750353534
633.71928585
713.267942379
1928.21731811
536.167983249
965.150405509
1464.22187069
674.488956861
497.529224431
445.779039123
506.427471687
572.333759885
1070.725971
1706.246623
205.346045047
1013.44311471
480.956845713
1067.95183325
1312.06431066
381.964338557
492.216272753
490.122198977
437.763334991
515.37885904
501.234575586
352.115151987
545.128258141
724.218611397
834.802187526
531.684482927
572.770473896
499.711176539
539.551989208
503.891398443
476.849762766
976.997635286
737.331602439
523.794833953
1423.09284369
1379.13075661
455.694755871
1262.68931235
507.2344405
494.120026708
504.159716844
534.307424561
506.706405315
510.886369395
1950.78279808
500.598507125
325.329767709
1607.13353082
688.134438271
827.624089909
727.041908428
749.670892717
641.919743347
503.802810756
562.993268571
240.288912575
499.832333089
502.747120834
991.863259715
504.731255331
552.894554683
288.326155838
509.781529735
678.419314192
479.318604753
499.577453112
1780.67754727
196.683884304
514.716281344
511.741218818
1005.28674563
751.428882036
1593.37874807
737.999557061
483.732445994
678.369603549
500.965592519
1831.87043058
507.752638343
937.397728147
418.936914689
237.845847628
929.872453287
765.478083306
508.385909522
652.777708952
1311.41638816
776.589316792
450.201163724
499.063768817
662.963572765
539.044041698
1355.21767557
1682.56455875
270.729848011
732.664389536
495.689775055
1932.0235489
523.484602261
1995.28128508
510.807132418
390.011411215
498.315283004
953.354991401
457.004649396
1179.74326086
789.204468033
504.571006828
1174.92005969
474.95624804
1222.9432527
801.37156421
1457.99602803
495.233359992
857.396780245
786.814866817
607.424472371
484.524700487
513.826502962
664.343192796
1220.53607509
915.08140594
495.717715909
891.613116201
501.562046909
691.471516448
1279.65573906
315.936624146
500.817400507
882.089818908
487.171051584
758.481406969
1066.79231947
486.740440361
499.420338631
509.15422025
506.072714565
503.153887414
762.22882593
502.486176522
1712.54038078
1124.64325084
676.594453759
335.627006302
391.017358996
615.464353799
488.698848303
356.891953884
1043.07657976
536.773062322
496.385456086
502.850812407
1688.75796251
1198.14830947
373.01259178
922.898747628
768.817182237
1310.19100603
552.456118447
412.702996273
1023.87123601
358.202098782
562.155258352
600.629682076
492.155250855
501.547122162
446.003181204
508.502106332
502.725569278
500.837444094
1562.99317651
1901.13759309
218.750381565
498.089554854
902.536004677
492.926731853
1110.61757889
792.543892515
845.353296077
654.42592853
502.411942133
485.578028376
512.907799695
655.783376875
510.224300887
1027.78728434
1377.76516803
298.564893728
495.896641444
774.083924434
490.265862209
629.346607434
1232.25362318
499.938546095
1459.13531672
736.13929267
447.781181254
466.460218016
463.107542337
1237.33372294
498.405685076
603.174099529
1278.94374061
1102.94375797
622.043975167
969.318706738
501.775001445
807.477047627
834.624929443
734.539707797
974.35825865
989.569776726
497.911249032
664.62351691
430.880515674
385.915089998
863.900116615
532.484364715
1536.05054165
505.412654648
524.157872605
569.262872242
984.657168422
558.266256309
723.750906109
502.750119954
492.549510202
891.600522405
693.544314947
966.154799429
753.802713645
771.381511421
814.028925541
558.94146706
2294.41976337
1431.4542725
1945.97026586
662.795517644
502.865642361
492.885428709
501.784338682
488.639029806
726.384028936
496.127219329
342.802583078
1783.36447186
965.318953674
527.093819705
1223.90195872
504.435111853
3810.35089652
1146.17638966
1258.05639631
507.986636247
513.109961113
1915.87781912
411.859877425
1171.36504626
1303.36332511
753.708061232
770.499714459
476.328284399
860.611697678
727.378553529
2000.82372481
750.687377387
959.658330193
613.11132667
422.090255174
522.887521331
491.425272068
650.239955626
802.947036215
607.925658581
1865.10788708
519.227864575
857.92147228
1106.72825221
462.367485099
503.41521645
506.669362015
1030.19579411
1056.87177524
1473.16857803
469.625223696
464.338208848
828.968844016
582.130154038
1765.39339188
674.677493326
1256.60309794
517.992874767
504.890520436
531.094426306
631.054327565
807.617796235
492.570985499
499.502771693
441.653977148
1575.84137365
230.784958536
526.150564877
500.872039025
305.835516069
475.509598706
908.695230525
505.392263543
504.79438231
252.739723011
132.922879863
859.762018572
1158.80313282
1558.45619866
1045.05727285
1462.44064368
1475.02098067
496.240243217
718.94042454
1192.62741529
1106.43086629
505.848632809
511.829930254
1194.99001827
1069.3926474
413.703502774
990.003516079
450.408201325
1089.00264668
137.037507944
582.676475553
491.157928804
497.80567525
1448.60738016
1096.84093511
589.174426837
497.207316486
1041.28648406
1006.1932986
483.622794915
601.306651665
919.240330952
502.769702216
1265.58204876
613.024980911
1118.02016465
703.064653765
873.094924117
973.883687836
645.602435907
1004.95225774
503.71560421
920.749482812
434.587020394
702.163337955
457.893356419
365.610258345
723.922011998
656.004967857
1897.82622358
535.240212636
315.458452363
615.960380817
514.345931211
821.963529359
1149.92663164
481.986732645
511.630500308
578.110252366
951.227370288
666.728425982
491.526503445
1045.52044354
485.834002898
424.105659807
812.332416436
504.122556121
501.124369607
493.621031352
1112.31704993
1137.63591873
915.758478071
258.749970876
306.930716505
578.694684457
551.744323239
503.799188849
433.270283228
366.298009008
484.092681492
497.344191004
704.553341185
579.754415977
511.462509183
3597.54236036
370.606212182
1100.12505366
488.038557949
502.66083168
583.535299422
500.828492312
499.145548032
361.236995785
509.259696628
1395.91028774
426.577757971
624.265665654
417.735611016
493.8980695
1382.45356536
2076.68087746
581.642186468
1394.32342174
424.429636949
494.328577992
846.19795127
840.522990633
404.044201407
355.87457622
463.137059223
550.789958925
945.164057756
790.586640745
1264.21799673
1688.74499587
1588.42811337
480.251538157
491.032892397
937.533726231
393.788772574
2336.76612355
501.919910754
613.342759348
389.052395978
1276.90036463
1959.54524822
515.46148861
448.383731876
1144.89345561
489.065337135
515.334813162
509.135598772
469.652899824
135.238693905
622.762177022
517.483764787
498.816446457
500.328655362
500.051704915
468.324690771
581.085732732
581.676523301
497.984701391
771.536423321
499.975560226
531.417113054
576.046847243
511.012932799
406.954601564
636.043221689
510.480072543
1298.91192898
758.278005881
362.795976978
467.039858101
547.073012544
504.967608117
505.887292776
513.688872703
1136.53144419
634.297762466
502.484859013
487.749254903
496.601999952
1350.63272617
1340.64643042
506.431885888
704.949623798
500.796545342
521.322939695
487.860851147
1621.91524569
658.751070587
500.786467634
1526.85240136
620.091621449
502.366119168
340.927479977
327.909634056
2275.1156101
777.689897124
859.79474278
661.22655818
491.00107649
445.706291877
502.403864746
1650.92753345
1049.37757254
493.064226642
497.779556373
983.408422527
539.946678742
491.00183776
961.363752666
986.648655765
176.925032171
529.788696289
500.981137991
648.45065921
495.976309939
733.108696782
493.214362092
420.727382496
725.670914797
497.864106601
655.265324639
1316.92850284
705.683001193
1612.49988268
939.159906275
504.58896901
329.774295325
503.174745936
501.662357544
431.699794215
618.151138429
820.58158155
691.538168685
1478.01568724
494.291835427
432.941522082
631.371657567
582.8409191
494.374889064
1132.43832487
506.135539952
1010.05377919
526.880337258
1015.88522019
639.909748312
1236.01778525
805.456959
549.22174595
281.606444909
507.704264383
928.760500407
296.982778875
1175.22152876
612.292198034
1610.79054627
513.002516525
602.068188674
553.432918635
1037.1296991
620.230532806
847.619424451
507.958072147
977.148261848
2614.75183515
2229.89108143
881.131991351
506.306065774
486.026606188
753.954192291
2488.04925307
503.979433614
1045.06777751
132.203386563
770.952122898
506.955892087
501.55477901
818.049798612
1625.72445579
185.782585312
454.849651281
1178.47559884
511.152385942
879.127822439
498.637974697
493.988150863
1033.85863254
892.593262491
1009.45713367
499.890359088
417.234296104
500.169308026
368.830331773
971.800074965
189.880497276
441.755249559
474.339498027
586.791765773
508.875091247
1203.70590408
860.4156575
1544.793664
493.218818312
311.002895585
871.392240269
522.308370125
687.753097695
455.450588412
489.295205068
1385.70919365
674.796459552
499.063195256
378.316761439
648.461646598
500.66308524
743.946861693
1961.46786789
1169.98318844
927.479600282
839.943291769
496.31020381
1814.58401228
1614.33887225
865.836095744
322.065247675
850.626169871
1395.04474346
611.673106245
536.184366273
370.306289128
500.29232042
222.76090086
673.480431203
501.540399703
1012.53367902
475.015917874
919.725691872
559.34315807
550.403366741
497.205464367
1392.7498072
501.729013319
502.93426254
592.866479679
2239.64812395
499.0158127
556.303828657
2172.93560721
503.145686921
1924.32167706
670.038562103
414.757801372
667.152194892
499.281748362
2080.67307559
1411.62006353
1825.05160505
671.518748526
499.919151477
130.819372116
490.581344397
450.315527865
717.588025206
508.353174049
927.694705442
1409.10114933
1279.52113075
498.959174672
671.326033568
557.020461652
1062.14438681
496.038209262
508.332475209
497.380362265
704.77549087
1010.69438354
1203.05340608
491.963841233
498.615033999
662.902193767
509.158981122
469.57788391
1285.86655584
547.197225743
502.26227916
832.433514422
671.356851989
815.316754128
1269.9062408
601.742757366
496.117108437
1208.68553475
501.248248136
703.690582627
467.345474342
625.837092963
497.362486375
518.071693081
1042.71936632
958.916841034
697.974358959
510.11496524
885.890903641
707.691241591
783.92098907
504.943968468
504.925331721
631.173068281
398.671640236
529.964012494
512.207652261
862.150294248
1221.54386331
528.032110207
659.687666529
502.434137012
362.824247107
299.902201596
517.857532031
506.01169523
786.088638375
512.602991636
1014.66784159
168.418706168
1415.1891308
497.174763751
582.233674795
394.13919965
499.065543565
496.188060465
1245.02869315
514.274310179
501.837097121
502.453728718
396.909804375
1156.98332646
1366.94061511
1399.45697925
757.963694317
446.205577407
1592.6548151
504.127376653
392.263830725
895.54049829
1053.43855779
510.204478227
1268.88544327
1592.98110203
415.124616378
500.096780902
437.594232255
312.989585301
619.275346781
719.782487893
371.392027827
340.571209801
424.410365146
763.510201288
304.323721584
498.210392845
1210.62867927
369.891637964
493.638199085
525.171900231
590.6209496
759.896515288
1279.32715159
619.0984996
763.823383775
812.519677983
505.821863783
504.074124548
618.432814214
459.564816376
688.422094889
591.774167489
504.328229233
1504.80863178
483.159373852
1419.81443686
1061.18257007
1734.75776632
389.930347802
502.357300657
1495.78439221
519.446473473
191.940689071
502.307589193
492.944939641
221.389491385
1217.65105414
1324.20056667
1340.60076091
532.611503029
949.47953953
527.30171175
500.884512654
878.72665756
1395.29437106
208.060754916
741.031509306
1239.72995867
527.814614432
781.363512774
949.985006048
1136.02908482
1330.97570091
203.525240874
1131.62295325
466.992797539
491.145316356
705.276998999
647.003663477
838.681854061
502.75112356
318.545623636
875.836507009
678.829351474
498.123078801
577.224379206
1776.79966315
1826.67901128
518.260486485
784.721663708
1404.44238335
321.957547491
279.077066504
499.245642836
183.471836012
826.079928184
531.823499094
496.65370971
480.372690309
642.946488814
500.829489294
1374.84621611
491.433449766
719.635761792
1955.92567428
1435.42298522
1330.61573965
506.9432974
476.384240058
492.918798824
412.64213681
372.081701423
1640.15580986
520.727728039
742.345398941
714.716358424
500.836089549
1867.41318195
501.862907319
647.745318845
1076.16988898
479.22942924
316.069409525
2010.20292629
1132.66051376
712.782829028
494.042831929
514.708677627
335.945798418
907.183797492
1391.05336167
500.720019063
797.16783765
190.47518468
866.490732468
1353.27201717
496.70086697
550.978837125
491.022959965
503.675162799
496.176640968
523.431795384
331.867312493
498.013954581
1106.21265416
1031.42450476
493.89505718
1849.57745105
796.600409954
543.61213633
712.201661718
501.828440493
725.209141681
517.540862573
812.662470032
502.042759087
920.465370812
507.171830781
1155.23887942
495.79775958
2522.18885704
2411.92075937
375.826308129
654.368442637
738.909323626
450.184765307
495.116773684
481.339646129
710.812062133
1451.97561451
1769.02069615
508.246160208
681.703732445
424.118338517
768.446584042
550.592517976
885.496693909
384.464738834
511.280654227
645.212927529
1320.61955607
1296.06015718
785.186009298
577.803601495
1240.12408997
502.47052843
612.425912714
855.233206921
1609.89459877
492.189658349
492.849666919
576.502256041
665.291514941
782.712746698
983.457014606
882.957400885
771.632093026
812.69827711
814.797084126
454.607135009
317.803643015
508.564820204
681.110017632
1548.40998427
474.441942509
760.792204438
883.1375687
865.960035294
478.042725933
500.994593359
698.734912341
532.514636645
1573.03601548
900.656927993
498.967289046
1078.23724944
918.909849919
510.11037948
1083.85249176
500.124932358
499.817607944
705.672591304
699.640901425
639.085106743
911.670813929
488.520408919
506.988642978
876.122999995
2619.23091232
1515.78889807
2039.02361135
1060.21366466
607.482331527
553.213932136
377.867598886
553.345820927
501.358812576
858.621678771
494.718757448
713.254878036
1241.39088336
666.231345522
501.696783864
1133.30228714
502.867647969
503.946565329
958.544824373
730.555239368
523.66802061
502.382557187
752.283539323
859.592179953
482.378721075
900.294559748
1222.57555889
501.187297553
350.94090325
1612.52777522
474.942914467
485.238378749
765.850233476
389.530913537
637.922669863
997.100144681
513.587828687
2371.07873707
884.082526554
936.859605035
808.403164365
502.556233448
299.299016931
747.768553706
485.64877229
492.32818789
503.290204794
291.600641684
880.256363157
476.34196407
467.471274509
826.295918743
505.603669046
480.299802505
619.430772146
463.70924358
1134.79183197
203.452128653
502.289542731
678.540619017
798.988866118
296.743072375
1340.46906242
190.572529761
510.392627688
375.848310739
1468.19369117
497.776921419
488.600330125
514.402392747
1079.82906845
365.943336959
620.050744006
436.981231312
390.893919286
500.411529837
592.070196481
498.731403802
335.350419083
474.455789395
1444.3442816
1161.75045868
475.692227896
471.927195961
767.564867394
505.302138092
428.354017689
608.182429798
505.94053427
621.301792174
821.058302371
893.468298516
693.148424941
502.877672113
1633.23880195
830.153435362
933.79578983
351.118712856
505.810634397
1267.94472371
1222.87213666
498.090178429
427.947236122
505.44022235
548.844400346
508.323001998
984.715819723
1567.76963586
1301.98788893
503.982961494
486.94683903
573.83534061
498.71851012
545.23531322
588.390923136
427.757127602
491.863288004
537.419554849
590.491922607
503.630761052
828.498296479
817.594843947
659.523999636
488.442683063
500.988051479
1103.38037121
617.59862879
1091.91898821
2340.90622948
499.610247358
413.634302408
501.77412806
745.699563368
508.788306881
510.706377803
616.243771022
959.653454785
1413.62195279
1037.55987286
735.867593541
621.140708738
342.231443984
622.137088419
477.580634386
497.97704148
499.146800561
499.273994946
979.993917079
633.969920762
502.974196376
546.955180548
520.277285024
879.474582419
453.67075203
399.507314179
360.306669804
801.565626565
1181.09108922
529.713992526
506.320002395
1048.39716543
780.985251466
474.031108448
669.487349209
952.738927111
1420.80938701
782.768825731
1234.45926377
488.560148954
343.435765524
709.006765939
491.579464715
1446.95915333
495.256707992
497.014521668
1360.79021673
504.624411148
811.962410187
519.267552666
744.354649834
1161.42765939
489.208392408
504.719741225
446.147089338
840.01905287
819.869236437
500.134585848
489.134631182
505.945773521
497.500510676
374.96320454
1572.0927791
372.268654928
509.801957469
1658.62591328
712.972744724
1152.02109149
809.252429314
499.630299647
681.345570393
492.59369342
1674.83258567
264.462951264
502.041967106
443.86356831
498.580423529
508.477076125
182.788760265
539.941932559
765.436821615
182.000235668
689.398670326
502.669390586
490.26523912
572.160154915
502.133163558
471.954358448
703.339195218
886.853801575
493.211272349
505.710027502
590.338800103
497.190428516
609.060918903
808.293502532
396.857290853
676.884691446
966.307721412
815.75756816
683.725036548
488.169854741
941.377867661
908.583286452
767.232488782
494.194342207
1049.51668917
1660.00529827
1429.08713286
706.722153758
262.562373388
501.161353496
493.032829244
596.391746555
618.340613335
567.771686435
508.041208316
737.056631949
1438.22550812
523.073533027
480.443294456
1453.60875517
488.321811186
643.994674684
492.040978902
161.377029944
475.999771364
373.442217033
390.650890557
505.316607196
765.378345504
1463.61783017
566.702927351
611.621755862
319.874193789
669.230859033
463.841927705
562.259548575
494.141780354
497.811750975
507.544837552
1263.05471433
449.274037026
683.060369078
497.224976401
579.955632061
503.029149645
457.144110455
2079.95749626
434.654003677
551.539283219
855.444113087
651.192357986
298.69161471
776.436987796
492.58631229
471.896461198
991.576251992
499.758713817
1184.68691047
516.750961707
217.516153473
501.014819695
617.721790841
939.473832037
505.707223239
661.51102848
768.242507071
353.396417241
486.397426329
1189.6463482
502.067267882
474.054113458
504.273380223
491.71696743
293.262499703
615.93292049
890.153218359
388.588349768
660.524543274
497.73748671
501.444210387
502.958441756
487.335491541
698.142275568
1137.37824547
951.286784426
2410.75423381
147.941690355
773.769659793
658.394058134
334.53826007
493.719381059
869.619199714
1094.58669329
837.22147841
412.543021684
497.678595338
3545.67600371
516.978821961
901.170465165
508.361566731
498.368812401
511.602657952
624.584749805
1044.90253967
1276.43362135
496.704439178
999.974797196
806.876240158
639.21165682
498.137207624
1258.69191179
331.579956809
218.78465672
532.20874145
493.136209538
269.997544593
632.017251724
433.123282949
1598.53097696
404.886652478
511.379372069
424.817030801
1415.59588803
464.783345679
620.416300232
494.823064612
385.603865886
499.607888462
664.661298038
508.055659248
501.072965916
506.380381853
615.937814705
658.493603235
506.088852746
1736.85456737
494.466713985
2934.04576678
449.374544121
513.509603843
497.344853286
398.546856229
834.569733636
1203.07957997
516.580811408
305.774302073
503.685957355
504.474587504
497.086986515
889.757818033
631.389595926
497.387028317
495.266983766
923.40995238
722.142960175
305.871852099
1217.00643232
499.090796851
877.397295645
812.867542485
376.03662175
503.716647225
500.705536256
793.630698138
617.923141241
838.4616374
506.634156652
131.622866764
734.603399798
682.905500938
640.528710809
496.364464545
500.486906104
496.304109841
1016.59463194
496.721026523
494.579349908
646.289596844
1069.5285728
1217.80563135
764.182700073
452.983529837
374.320260097
485.014326436
1450.78055511
496.967257149
935.581743947
511.926972499
505.392119604
495.234969608
825.49463278
1800.31114662
871.368889629
496.789313817
728.92908093
356.049374141
817.253571728
2021.52239072
499.968304009
751.450474523
521.25083774
494.120500598
483.642501479
534.867688566
1079.85058683
437.736169768
477.450826888
817.645870906
394.216482286
496.349567225
865.364020499
961.254122961
1096.37367126
831.769091287
895.053767976
509.907742438
708.227554645
1207.17073441
1613.70376322
646.543217035
1168.03794189
499.8518743
519.047006725
514.610650584
1060.7342749
591.879679442
529.624885342
499.867242683
523.418040105
475.312113329
413.813461045
501.677843349
490.172016831
893.188477299
429.353953467
1159.73485791
179.018503449
490.001630027
506.279032287
1031.79061532
259.998213922
1123.41961514
594.981132332
729.697013455
691.753322733
751.238169582
406.032418045
589.827285954
1503.84838625
1875.42294044
1272.19702712
2058.92497824
696.985380741
1529.9048773
589.975508923
904.562391197
499.086176444
447.020690881
510.998318767
487.346042646
338.300122311
501.657740513
501.954039491
1273.62801982
496.485233744
365.790416707
1467.93363861
482.911485446
444.624208829
522.369358555
241.072837591
478.926934433
505.582393809
1448.34972299
590.96054585
457.840290658
660.139139261
506.551202546
516.506581357
501.815374063
503.097984686
907.422349176
511.640845873
680.534829568
1709.39825835
629.195973173
500.942437719
500.177415914
1507.65597556
1066.3178246
500.656464948
499.899016619
496.808303287
380.584371717
712.316750738
503.160056224
906.098615557
469.700314432
495.807377649
1582.01180388
379.941378859
495.926182844
490.481470946
504.779163936
1121.47056554
480.557379702
498.148650775
494.892730021
503.32659094
303.149847218
488.342098534
1487.0091422
500.29735875
806.376852276
493.031885409
502.158318963
508.322141844
1522.69072834
499.084170496
495.139527388
523.201398881
436.254637146
205.162064574
507.339348207
747.475799845
516.597631155
594.605948824
530.423857242
1075.41051281
1451.47317047
859.964020282
2114.57112776
144.984486817
327.262115652
498.849644963
616.924546149
747.861005046
740.812553729
954.152138186
870.424215601
986.095137554
491.204010172
607.426761684
1460.15747363
502.638311825
727.763594934
975.163347054
672.317926044
1535.92665395
648.79659067
504.527942009
592.934700746
501.210569429
502.352334506
511.459558606
1216.1639696
703.664206495
1059.81802756
1013.11581331
515.296541063
497.242381287
497.731476421
1531.1314385
450.938909651
498.994477604
499.31304572
642.168743722
503.083246806
504.653054353
504.337890796
1384.17792043
2652.28188288
847.438824002
550.491452078
612.928335327
467.918733666
509.118439945
618.764101154
1266.33560309
641.074364366
765.739171737
1218.06689051
444.827581119
504.007025769
1233.2347021
1875.88290889
966.042861693
456.593554593
892.570348592
795.053989368
564.073462179
499.139567603
978.747166265
500.889293357
822.203842282
506.260052798
1730.95853846
1672.35493777
1364.11414679
280.521793145
946.925355802
491.275818643
573.518763217
1150.65693764
504.07162126
