1.18444495456e-05
7.10667018211e-06
7.8963003034e-06
7.8963003034e-06
1.50029700308e-05
5.52740993953e-06
1.50029700308e-05
1.02651902125e-05
6.31704006082e-06
5.52740993953e-06
4.73777981824e-06
3.9481501517e-06
7.89630007603e-07
1.57926001521e-06
0.0
0.0
2.36888990912e-06
0.0
7.89630007603e-07
7.89630007603e-07
2.36888990912e-06
1.57926001521e-06
0.0
7.89630007603e-07
3.15852003041e-06
2.36888990912e-06
2.36888990912e-06
2.36888990912e-06
7.89630007603e-07
1.57926001521e-06
0.000194248976186
0.00191406311933
7.18563314877e-05
0.0
0.0
0.0
0.0
0.0
0.0
0.0
0.0
0.0
0.0
0.0
0.0
0.0
0.0
0.0
0.0
0.0
0.0
0.0
