1.35213003887e-05
8.3207996795e-06
1.04009995994e-05
1.97618992388e-05
2.39223008975e-05
1.24812004287e-05
1.35213003887e-05
6.24060021437e-06
1.04009995994e-05
7.28070017431e-06
3.12030010718e-06
5.20049979968e-06
3.12030010718e-06
2.08019991987e-06
3.12030010718e-06
2.08019991987e-06
4.16039983975e-06
4.16039983975e-06
2.08019991987e-06
4.05639002565e-05
0.00264913472347
6.5526299295e-05
1.04009995994e-06
1.04009995994e-06
0.0
0.0
1.04009995994e-06
0.0
0.0
0.0
0.0
0.0
0.0
0.0
0.0
0.0
0.0
0.0
0.0
0.0
0.0
0.0
0.0
0.0
0.0
0.0
0.0
0.0
0.0
0.0
0.0
0.0
