3.5355599266e-06
1.01015996279e-06
2.5254000775e-06
7.07111985321e-06
5.55587985218e-06
3.5355599266e-06
5.050800155e-06
8.58636030898e-06
6.06096000411e-06
2.02031992558e-06
2.5254000775e-06
2.02031992558e-06
2.5254000775e-06
3.5355599266e-06
1.01015996279e-06
1.51524000103e-06
5.05079981394e-07
1.51524000103e-06
0.0
5.05079981394e-07
5.05079981394e-07
5.05079981394e-07
5.05079981394e-07
5.05079981394e-07
0.0
5.05079981394e-07
5.05079981394e-07
5.05079981394e-07
1.01015996279e-06
1.51524000103e-06
1.01015996279e-06
1.51524000103e-06
1.51524000103e-06
5.05079981394e-07
5.05079981394e-07
1.01015996279e-06
1.51524000103e-06
5.05079981394e-07
5.05079981394e-07
1.51524000103e-06
1.010160031e-05
0.000337898527505
0.00105258671101
5.40435612493e-05
5.05079981394e-07
0.0
0.0
0.0
0.0
0.0
0.0
0.0
