3.03048000205e-06
2.5254000775e-06
3.5355599266e-06
6.56604015603e-06
5.050800155e-06
3.5355599266e-06
6.06096000411e-06
8.58636030898e-06
4.54572000308e-06
2.02031992558e-06
1.01015996279e-06
1.51524000103e-06
5.05079981394e-07
2.5254000775e-06
1.01015996279e-06
2.02031992558e-06
0.0
1.01015996279e-06
5.05079981394e-07
5.05079981394e-07
0.0
5.05079981394e-07
5.05079981394e-07
5.05079981394e-07
0.0
5.05079981394e-07
0.0
5.05079981394e-07
1.01015996279e-06
1.01015996279e-06
1.01015996279e-06
1.51524000103e-06
1.01015996279e-06
1.01015996279e-06
5.05079981394e-07
1.01015996279e-06
1.01015996279e-06
5.05079981394e-07
5.05079981394e-07
1.51524000103e-06
9.59651970334e-06
0.000335878197802
0.00106167816557
5.40435612493e-05
5.05079981394e-07
0.0
0.0
0.0
0.0
0.0
0.0
0.0
