9.36089963943e-06
2.08019991987e-06
1.14410995593e-05
1.76816993189e-05
1.6641599359e-05
1.76816993189e-05
1.87217992789e-05
7.28070017431e-06
1.14410995593e-05
4.16039983975e-06
5.20049979968e-06
5.20049979968e-06
3.12030010718e-06
3.12030010718e-06
2.08019991987e-06
2.08019991987e-06
5.20049979968e-06
4.16039983975e-06
1.04009995994e-06
4.26441001764e-05
0.00265329517424
6.6566397436e-05
1.04009995994e-06
1.04009995994e-06
0.0
0.0
1.04009995994e-06
0.0
0.0
0.0
0.0
0.0
0.0
0.0
0.0
0.0
0.0
0.0
0.0
0.0
0.0
0.0
0.0
0.0
0.0
0.0
0.0
0.0
0.0
0.0
0.0
0.0
