1.02653593785e-05
7.10678705218e-06
7.10678705218e-06
1.34239307954e-05
1.50032174133e-05
7.89643036114e-06
1.26342883959e-05
6.31714419796e-06
5.527500889e-06
3.94821518057e-06
4.73785803479e-06
1.57928604949e-06
7.89643024746e-07
7.89643024746e-07
7.89643024746e-07
0.0
1.57928604949e-06
0.0
7.89643024746e-07
7.89643024746e-07
1.57928604949e-06
1.57928604949e-06
0.0
7.89643024746e-07
2.36892901739e-06
2.36892901739e-06
2.36892901739e-06
2.36892901739e-06
7.89643024746e-07
2.36892901739e-06
0.000196621112991
0.00191804289352
7.26471553207e-05
0.0
0.0
0.0
0.0
0.0
0.0
0.0
0.0
0.0
0.0
0.0
0.0
0.0
0.0
0.0
0.0
0.0
0.0
0.0
