4.05639002565e-05
8.3207996795e-06
1.97618992388e-05
2.70426007773e-05
2.49624008575e-05
2.18420991587e-05
1.97618992388e-05
1.04009995994e-05
1.35213003887e-05
6.24060021437e-06
9.36089963943e-06
6.24060021437e-06
4.16039983975e-06
1.04009995994e-06
3.12030010718e-06
2.08019991987e-06
5.20049979968e-06
4.16039983975e-06
2.08019991987e-06
3.53633986379e-05
0.00258256820962
6.34461030131e-05
0.0
1.04009995994e-06
0.0
0.0
1.04009995994e-06
0.0
0.0
0.0
0.0
0.0
0.0
0.0
0.0
0.0
0.0
0.0
0.0
0.0
0.0
0.0
0.0
0.0
0.0
0.0
0.0
0.0
0.0
0.0
0.0
0.0
