4.18503914261e-05
9.47555963648e-06
1.42133403642e-05
1.81614905159e-05
2.13200091821e-05
1.10548198791e-05
1.73718599399e-05
1.26340801216e-05
6.31704006082e-06
5.52740993953e-06
6.31704006082e-06
3.15852003041e-06
1.57926001521e-06
2.36888990912e-06
7.89630007603e-07
0.0
2.36888990912e-06
0.0
1.57926001521e-06
7.89630007603e-07
2.36888990912e-06
1.57926001521e-06
0.0
7.89630007603e-07
3.15852003041e-06
2.36888990912e-06
2.36888990912e-06
2.36888990912e-06
7.89630007603e-07
7.89630007603e-07
0.000183983793249
0.00185563054401
7.18563314877e-05
0.0
0.0
0.0
0.0
0.0
0.0
0.0
0.0
0.0
0.0
0.0
0.0
0.0
0.0
0.0
0.0
0.0
0.0
0.0
