3.63657600246e-05
6.56604015603e-06
4.54572000308e-06
1.31320803121e-05
9.59651970334e-06
9.09144000616e-06
8.08127970231e-06
1.26269997054e-05
7.57620000513e-06
2.02031992558e-06
2.02031992558e-06
2.5254000775e-06
2.02031992558e-06
3.03048000205e-06
1.01015996279e-06
2.02031992558e-06
0.0
2.02031992558e-06
0.0
5.05079981394e-07
5.05079981394e-07
5.05079981394e-07
1.01015996279e-06
5.05079981394e-07
0.0
5.05079981394e-07
5.05079981394e-07
5.05079981394e-07
1.01015996279e-06
1.51524000103e-06
1.01015996279e-06
1.51524000103e-06
1.01015996279e-06
5.05079981394e-07
5.05079981394e-07
1.01015996279e-06
1.51524000103e-06
5.05079981394e-07
5.05079981394e-07
5.05079981394e-07
6.56604015603e-06
0.000306583562633
0.00102581747342
5.25283212482e-05
5.05079981394e-07
0.0
0.0
0.0
0.0
0.0
0.0
0.0
