0.027987960726
0.557913839817
0.267167121172
0.123536601663
0.0647926405072
0.0416231192648
0.027680400759
0.0161981601268
0.00973939988762
0.00543355988339
0.00604867981747
0.00492095993832
0.0027680399362
0.00194788002409
0.0020504000131
0.00164032005705
0.000922680017538
0.00112771999557
0.000820160028525
0.00112771999557
0.000410080014262
0.000307559996145
0.000512600003276
0.000205040007131
0.000410080014262
0.0
0.000102520003566
0.000307559996145
0.000205040007131
0.000205040007131
0.0
0.0
0.0
0.0
0.0
0.0
0.0
0.0
0.0
0.0
0.0
0.0
0.0
0.0
0.0
0.0
0.0
0.0
0.0
0.0
0.0
0.000205040007131
