0.0283980406821
0.55965667963
0.266757041216
0.122921481729
0.0637674406171
0.0420331992209
0.027475360781
0.0160956401378
0.00953435990959
0.00543355988339
0.00615119980648
0.00471591996029
0.0027680399362
0.0020504000131
0.0020504000131
0.00164032005705
0.00112771999557
0.00112771999557
0.000820160028525
0.00102520000655
0.000410080014262
0.000307559996145
0.000512600003276
0.000205040007131
0.000410080014262
0.0
0.000102520003566
0.000205040007131
0.000205040007131
0.000205040007131
0.0
0.0
0.0
0.0
0.0
0.0
0.0
0.0
0.0
0.0
0.0
0.0
0.0
0.0
0.0
0.0
0.0
0.0
0.0
0.0
0.0
0.000205040007131
