0.0320887602866
0.561604559422
0.265116721392
0.121793761849
0.0636649206281
0.0408029593527
0.0271678008139
0.0158906001598
0.00953435990959
0.00543355988339
0.00584363983944
0.00461339997128
0.00266551994719
0.00194788002409
0.00194788002409
0.00153779995162
0.000922680017538
0.00112771999557
0.000820160028525
0.00102520000655
0.000410080014262
0.000307559996145
0.000512600003276
0.000205040007131
0.000410080014262
0.0
0.000102520003566
0.000205040007131
0.000205040007131
0.000205040007131
0.0
0.0
0.0
0.0
0.0
0.0
0.0
0.0
0.0
0.0
0.0
0.0
0.0
0.0
0.0
0.0
0.0
0.0
0.0
0.0
0.0
0.000205040007131
