0.0
0.0
0.0
0.0
0.0
4.11719993281e-05
0.0
4.11719993281e-05
0.000535235973075
0.00349961989559
0.0158100482076
0.0185685716569
0.00844025984406
0.00872846413404
0.00848143175244
0.00918135605752
0.00959307607263
0.0092225279659
0.00914018414915
0.00732861598954
0.00650517595932
0.00716392789036
0.00782268028706
0.00629931595176
0.00518767209724
0.00527001591399
0.00457009207457
0.0042818877846
0.00345844798721
0.00370547990315
0.0022644600831
0.00209977198392
0.00275852391496
0.00201742793433
0.00189391197637
0.00172922399361
0.00160570803564
0.00160570803564
0.00123516004533
0.00102930003777
0.00144102005288
0.000988128012978
0.000576407997869
0.000946955988184
0.000658751989249
0.000370547990315
0.000576407997869
0.000494064006489
0.000494064006489
0.000411719986005
0.000452892010799
0.00547587592155
