0.0
0.0
0.0
0.0
0.0
0.0
4.03910016757e-05
0.0
0.000282736989902
0.000484691991005
0.000727038015611
0.00153485802002
0.00226189591922
0.00230228691362
0.00210033194162
0.00246385089122
0.00315049802884
0.00395831791684
0.00347362598404
0.00521043920889
0.00468535581604
0.00561434915289
0.00557395815849
0.00634138705209
0.00702803395689
0.00759350787848
0.00856289174408
0.0128847286105
0.0174489114434
0.0251635927707
0.0306567698717
0.0223362222314
0.0119961267337
0.00529122119769
0.00411988189444
0.00331206200644
0.00343323498964
0.00298893405125
0.00274658808485
0.00266580609605
0.00234267790802
0.00185798597522
0.00222150492482
0.00250424188562
0.00214072293602
0.00226189591922
0.00218111393042
0.00205994094722
0.00181759498082
0.00201954995282
0.00177720398642
0.0172873474658
