0.0
0.0
0.0
0.0
0.0
0.0
0.0
0.0
7.73549982114e-05
0.000206280004932
0.000232064994634
0.000438345014118
0.000721980002709
0.0010056149913
0.00116032501683
0.0016760249855
0.00177916500252
0.00170181004796
0.0016760249855
0.00177916500252
0.0022432950791
0.00221751001664
0.00273321010172
0.00229486497119
0.00281056505628
0.00265585491434
0.00255271489732
0.00283634988591
0.00281056505628
0.00306841498241
0.00317155499943
0.00342940492555
0.00386775005609
0.00397088984028
0.0051312148571
0.00549220480025
0.00750343501568
0.00814806018025
0.00984986964613
0.0117321750149
0.0152905052528
0.0122478753328
0.00719401519746
0.00381617993116
0.00190808996558
0.00144396000542
0.0016760249855
0.00118610996287
0.00162445497699
0.00108296994586
0.00103140005376
0.0188488345593
