0.0
0.0
0.0
0.0
0.0
0.0
5.23960006831e-05
0.000366772001144
0.00104791997001
0.000890731986146
0.0025674039498
0.00204344396479
0.0036153239198
0.00372011610307
0.00523959985003
0.00576356006786
0.0080689843744
0.0126274358481
0.0184433925897
0.0291321761906
0.0451129563153
0.0437506586313
0.0172906797379
0.00838335976005
0.00723064783961
0.00728304404765
0.00534439180046
0.00670668808743
0.00623512407765
0.00565876811743
0.0058683520183
0.00539678800851
0.00487282779068
0.0058683520183
0.00419167988002
0.00424407608807
0.00392969977111
0.00319615588523
0.00303896795958
0.00314375991002
0.00267219590023
0.0027769880835
0.00188625603914
0.00199104798958
0.00178146397229
0.0027769880835
0.00151948397979
0.00136229605414
0.00146708800457
0.00167667202186
0.000785939977504
0.0135705638677
