0.0
0.0
0.0
0.0
0.0
149.25
164.175003052
582.075012207
850.724975586
3074.55004883
6611.77490234
9163.95019531
10208.7001953
9447.52539062
8089.35009766
7253.54980469
6432.67480469
5283.45019531
4567.04980469
4343.17480469
3134.25
2492.47509766
2373.07495117
2029.80004883
1716.375
1462.65002441
1432.80004883
1089.52502441
1059.67504883
805.950012207
776.099975586
865.650024414
701.474975586
522.375
567.150024414
358.200012207
432.825012207
373.125
253.725006104
432.825012207
343.274993896
208.949996948
164.175003052
283.575012207
149.25
134.324996948
74.625
74.625
89.5500030518
29.8500003815
149.25
835.799987793
