0.0
0.00285020191222
0.134924888611
0.0191699061543
0.00082747801207
0.000183883996215
0.00059762300225
0.000551651988644
0.000413739006035
0.000505680975039
0.000413739006035
0.00059762300225
0.000919419981074
0.00101136195008
0.00101136195008
0.00193078198936
0.00326394103467
0.00740133086219
0.0186182558537
0.0415577851236
0.0234452094883
0.00459709996358
0.00128718803171
0.000413739006035
0.000137912997161
0.000321797007928
0.000183883996215
0.000229854995268
0.000275825994322
0.000413739006035
9.19419981074e-05
0.000275825994322
0.000367767992429
4.59709990537e-05
0.000183883996215
4.59709990537e-05
9.19419981074e-05
0.000275825994322
0.000321797007928
9.19419981074e-05
0.000137912997161
0.000275825994322
0.0
9.19419981074e-05
4.59709990537e-05
0.000137912997161
9.19419981074e-05
9.19419981074e-05
4.59709990537e-05
4.59709990537e-05
9.19419981074e-05
0.00151704298332
