0.0
0.00140706403181
0.11456463486
0.017032880336
0.000407307990827
0.000111084002128
3.70279994968e-05
0.000148111997987
0.000185140001122
0.000185140001122
3.70279994968e-05
0.000370280002244
0.000148111997987
0.000185140001122
7.40559989936e-05
0.000296223995974
0.000185140001122
0.000148111997987
0.000111084002128
0.000296223995974
0.000481363997096
0.000481363997096
0.000629475980531
0.00107381201815
0.00107381201815
0.00229573599063
0.00422119209543
0.00699829217046
0.0134781915694
0.021624352783
0.0196248404682
0.00996053218842
0.00481363991275
0.00196248409338
0.000518392014783
0.000444336008513
0.000407307990827
0.000148111997987
0.000222168004257
0.000296223995974
7.40559989936e-05
0.000185140001122
7.40559989936e-05
0.000333252013661
7.40559989936e-05
7.40559989936e-05
0.000111084002128
0.000185140001122
0.000111084002128
0.000111084002128
7.40559989936e-05
0.00125895196106
