0.0
0.00068546802504
0.074250869453
0.0136114358902
0.000195847998839
0.0
2.44809998549e-05
9.79239994194e-05
0.0
4.89619997097e-05
4.89619997097e-05
7.34429995646e-05
7.34429995646e-05
7.34429995646e-05
0.00017136700626
0.00017136700626
0.00012240500655
0.00017136700626
4.89619997097e-05
0.00017136700626
4.89619997097e-05
0.000146885999129
9.79239994194e-05
0.000146885999129
0.00012240500655
4.89619997097e-05
0.00012240500655
0.00012240500655
9.79239994194e-05
0.000391695997678
0.000489620026201
0.000367214990547
0.000636506010778
0.00117508799303
0.00137093605008
0.00217880890705
0.00401488412172
0.00445554219186
0.00690364185721
0.00922933686525
0.00913141295314
0.00734429992735
0.00474931392819
0.00259498599917
0.00161574594676
0.000660986988805
0.000514101004228
0.000440658011939
0.00012240500655
0.000146885999129
0.000146885999129
0.00149334105663
