9.65220024227e-05
0.00749654183164
0.0527653582394
0.0112608997151
0.00125478603877
0.000900871993508
0.00167304801289
0.00373218394816
0.0187252685428
0.038158364594
0.00344261806458
0.00189826602582
0.00102956802584
0.00170522194821
0.00109391601291
0.00112608994823
0.000772176019382
0.000900871993508
0.000611305993516
0.000450435996754
0.000418262003222
0.000321739993524
0.000514784012921
0.000353913987055
0.000289565999992
0.000353913987055
0.000193044004845
0.000225217998377
0.000225217998377
0.000257392006461
0.000160869996762
0.000225217998377
0.000193044004845
0.000321739993524
0.000193044004845
0.000193044004845
0.000160869996762
0.000257392006461
0.000289565999992
0.000160869996762
0.000160869996762
0.000160869996762
0.00012869600323
6.43480016151e-05
9.65220024227e-05
9.65220024227e-05
9.65220024227e-05
9.65220024227e-05
3.21740008076e-05
3.21740008076e-05
0.0
0.000868697999977
