0.646659970284
129.008666992
425.178955078
125.452041626
77.5991973877
97.6456604004
113.812156677
130.301986694
118.015449524
120.278762817
95.0590209961
65.6359863281
48.4995002747
43.0028915405
32.0096702576
28.7763690948
19.7231292725
18.4298095703
10.023229599
8.72990989685
6.46659994125
5.49661016464
5.81994009018
5.81994009018
4.52661991119
4.20328998566
2.58663988113
1.93998003006
2.2633099556
1.93998003006
1.61664998531
1.29331994057
0.323329985142
0.96999001503
1.29331994057
0.646659970284
0.323329985142
1.29331994057
0.646659970284
0.96999001503
0.323329985142
0.646659970284
0.0
0.323329985142
0.0
0.0
0.0
0.0
0.0
0.0
0.323329985142
0.0
