5.11579992235e-06
5.62737986911e-05
2.55790000665e-05
8.69685973157e-05
0.00017905299319
0.000225095194764
0.000347874389263
0.000511579972226
0.00122779200319
0.00299274292774
0.000455306202639
0.000434843008406
0.000455306202639
0.000358105986379
0.000434843008406
0.000409264001064
0.000266021612333
0.000301832187688
0.000230210993323
0.000266021612333
0.000214863597648
0.000235326806433
0.000245558388997
0.000163705597515
0.000158589798957
0.000153474000399
0.000107431798824
0.000158589798957
6.13895972492e-05
8.69685973157e-05
9.72002017079e-05
0.000102316000266
5.1158000133e-05
6.13895972492e-05
3.58106008207e-05
7.16212016414e-05
6.13895972492e-05
7.16212016414e-05
3.58106008207e-05
3.06947986246e-05
2.04631996894e-05
2.55790000665e-05
3.06947986246e-05
1.53473993123e-05
1.02315998447e-05
1.02315998447e-05
1.02315998447e-05
2.04631996894e-05
2.04631996894e-05
1.02315998447e-05
2.55790000665e-05
0.000199516201974
