0.0
1.55310008267e-05
0.0
3.62389982911e-05
2.58849995589e-05
7.24779965822e-05
6.73009999446e-05
0.0001190710027
0.00017084099818
0.000191548999283
0.000165663994267
0.000129424995976
0.000372743990738
0.000253673002589
0.000284734996967
0.000284734996967
0.000310620001983
0.000362390012015
0.000372743990738
0.000346858985722
0.000393452006392
0.000331327988533
0.000377921009203
0.000465930002974
0.000408983003581
0.000398628995754
0.000471106992336
0.000512522994541
0.000776549975853
0.00178606505506
0.00172394094989
0.000952568021603
0.000465930002974
0.000408983003581
0.000227787997574
0.000289911986329
0.000207079996471
0.000160487004905
0.000186371995369
0.000181195006007
0.000129424995976
0.000160487004905
0.00017084099818
0.000186371995369
0.000113893998787
0.000103539998236
0.000108717002149
0.000113893998787
5.69469993934e-05
8.28319971333e-05
9.8363001598e-05
0.0010509310523
