6.71670022712e-06
2.68668009085e-05
2.01501006813e-05
5.37336018169e-05
0.000114183902042
0.000228367804084
0.000295534788165
0.000282101391349
0.000268667994533
0.000382851896575
0.000416435388615
0.000436585512944
0.000416435388615
0.000617936428171
0.000523902592249
0.000544052687474
0.000644803221803
0.000611219671555
0.00147767399903
0.00392255280167
0.00194112630561
0.000732120301109
0.000476885703392
0.000443302211352
0.000503752497025
0.000335835007718
0.000235084502492
0.000490319100209
0.000255234597716
0.000248517899308
0.000248517899308
0.000228367804084
0.000181350900675
0.000188067599083
0.000255234597716
0.000161200805451
0.000134333997266
0.000147767394083
0.000174634202267
0.00010075049795
0.000147767394083
0.000114183902042
0.000161200805451
0.00012090060045
0.000127617298858
8.73171011335e-05
8.06004027254e-05
6.04503002251e-05
6.71669986332e-05
5.37336018169e-05
4.03002013627e-05
0.00059106957633
