3.33189996127e-06
6.66379992253e-06
6.66379992253e-06
6.66379992253e-06
9.99569965643e-06
2.99871007883e-05
3.33190000674e-05
2.99871007883e-05
1.99913993129e-05
6.66380001348e-05
8.66293994477e-05
9.99569965643e-05
0.000116616502055
0.000136607894092
0.000116616502055
0.000149935498484
0.000179922601092
0.000169926905073
0.000206577795325
0.000149935498484
0.000193250205484
0.000199913993129
0.000176590707269
0.000219905399717
0.000203245901503
0.000203245901503
0.000186586403288
0.000213241597521
0.000206577795325
0.000249892502325
0.000226569201914
0.000236564897932
0.000173258798895
0.000229901095736
0.000196582099306
0.000306534813717
0.000299870996969
0.000299870996969
0.000493121217005
0.000713026616722
0.000949591514654
0.000656384276226
0.000396496092435
0.000193250205484
0.000173258798895
0.000119948403153
0.000119948403153
0.000119948403153
9.3293201644e-05
0.000113284600957
7.99655972514e-05
0.00111285457388
