0.0
6.71670022712e-06
2.01501006813e-05
4.70168997708e-05
0.000154484107043
0.000221651105676
0.000261951296125
0.000288818089757
0.000282101391349
0.000429868814535
0.000389568594983
0.000443302211352
0.000389568594983
0.00059106957633
0.000510469195433
0.000530619290657
0.000711970205884
0.000732120301109
0.00150454079267
0.00404345337301
0.00194784300402
0.000658236618619
0.000389568594983
0.000470169004984
0.000409718690207
0.000349268404534
0.0002015009959
0.000470169004984
0.00032911830931
0.000214934407268
0.000261951296125
0.0002418012009
0.0002015009959
0.0002418012009
0.0002418012009
0.000167917503859
0.000107467203634
0.000134333997266
0.000141050695674
6.71669986332e-05
0.000127617298858
0.000147767394083
0.000141050695674
0.000107467203634
0.000114183902042
0.00010075049795
8.73171011335e-05
5.37336018169e-05
6.71669986332e-05
5.37336018169e-05
3.35834993166e-05
0.000584352877922
