0.0
1.55310008267e-05
0.0
2.58849995589e-05
2.58849995589e-05
7.76550004957e-05
8.80090010469e-05
8.28319971333e-05
0.000139779003803
0.000217434004298
0.000196726003196
0.000139779003803
0.000315796991345
0.000300265994156
0.000279558007605
0.000305443012621
0.000269203999778
0.000305443012621
0.000403806014219
0.000346858985722
0.000388274987927
0.00034168199636
0.000393452006392
0.000434868008597
0.000362390012015
0.000388274987927
0.000522876973264
0.000517699983902
0.000905975000933
0.00184818904381
0.00197243690491
0.000947390974034
0.00042451400077
0.000362390012015
0.000196726003196
0.000248496013228
0.000217434004298
0.00022261099366
0.000160487004905
0.000144955993164
0.000129424995976
0.000176018002094
0.000155310000991
0.000134601999889
0.000108717002149
6.2124003307e-05
7.76550004957e-05
0.00017084099818
4.65929988422e-05
6.73009999446e-05
8.28319971333e-05
0.00093703699531
