5.11579992235e-06
4.60422015749e-05
1.53473993123e-05
8.18527987576e-05
0.000199516201974
0.000194400403416
0.000322295411024
0.000491116777994
0.001294297399
0.0031411012169
0.000526927411556
0.000414379814174
0.000414379814174
0.000439958792413
0.000383684993722
0.000347874389263
0.000301832187688
0.000276253209449
0.000199516201974
0.000235326806433
0.000230210993323
0.000199516201974
0.000245558388997
0.000199516201974
0.000143242403283
0.000122779194498
8.18527987576e-05
0.000173937194631
0.000112547597382
7.16212016414e-05
9.72002017079e-05
8.69685973157e-05
5.62737986911e-05
5.62737986911e-05
3.58106008207e-05
5.62737986911e-05
6.13895972492e-05
5.62737986911e-05
3.06947986246e-05
5.1158000133e-05
3.06947986246e-05
1.02315998447e-05
2.55790000665e-05
1.02315998447e-05
5.11579992235e-06
5.11579992235e-06
2.04631996894e-05
2.55790000665e-05
5.11579992235e-06
1.02315998447e-05
3.58106008207e-05
0.000189284604858
