3.33189996127e-06
6.66379992253e-06
3.33189996127e-06
6.66379992253e-06
6.66379992253e-06
1.33275998451e-05
2.66551996901e-05
2.66551996901e-05
2.66551996901e-05
7.66337034293e-05
7.99655972514e-05
9.99569965643e-05
0.000126612198073
0.00013327600027
0.000113284600957
0.000149935498484
0.000169926905073
0.000176590707269
0.000203245901503
0.000176590707269
0.000199913993129
0.000186586403288
0.000199913993129
0.000209909703699
0.000203245901503
0.000213241597521
0.000219905399717
0.000153267406859
0.000206577795325
0.000226569201914
0.000186586403288
0.00022323729354
0.000169926905073
0.000219905399717
0.000196582099306
0.000286543392576
0.000356513308361
0.000329858099576
0.000529772078153
0.000706362829078
0.00102289335337
0.000703030906152
0.000366508989828
0.00023323300411
0.000219905399717
0.000153267406859
0.000106620798761
0.000106620798761
9.66251027421e-05
8.99613005458e-05
5.99742015766e-05
0.000972914800514
