6.71670022712e-06
8.06004027254e-05
8.06004027254e-05
6.04503002251e-05
0.000134333997266
0.000221651105676
0.000295534788165
0.000288818089757
0.000308968214085
0.000396285293391
0.000382851896575
0.000470169004984
0.000463452306576
0.000658236618619
0.000570919481106
0.000570919481106
0.000812720682006
0.000893321121112
0.00175977544859
0.00430540461093
0.0018538092263
0.000698536809068
0.000409718690207
0.000429868814535
0.000403001991799
0.000308968214085
0.000194784297491
0.000396285293391
0.000235084502492
0.000228367804084
0.000235084502492
0.000167917503859
0.000147767394083
0.000167917503859
0.000188067599083
0.000107467203634
0.000107467203634
0.000127617298858
0.00012090060045
4.70168997708e-05
0.00012090060045
9.40337995416e-05
0.000147767394083
6.71669986332e-05
6.04503002251e-05
7.38836970413e-05
3.35834993166e-05
2.01501006813e-05
6.04503002251e-05
2.68668009085e-05
2.68668009085e-05
0.000355985102942
