6.66379992253e-06
3.33189996127e-06
6.66379992253e-06
3.33189996127e-06
9.99569965643e-06
1.33275998451e-05
1.33275998451e-05
2.66551996901e-05
2.66551996901e-05
6.33060990367e-05
6.9969901233e-05
0.000106620798761
0.000143271696288
0.000136607894092
0.000139939802466
0.000179922601092
0.000173258798895
0.000176590707269
0.000183254494914
0.000206577795325
0.000199913993129
0.000243228700128
0.000213241597521
0.000266552000539
0.000239896806306
0.000239896806306
0.00022323729354
0.000206577795325
0.000239896806306
0.000259888212895
0.000249892502325
0.00027654771111
0.000193250205484
0.000259888212895
0.000246560608502
0.000296539103147
0.000383168488042
0.000339853810146
0.000526440213434
0.000759673188441
0.000869625888299
0.000593078206293
0.000356513308361
0.000206577795325
0.000176590707269
0.000129944106448
8.66293994477e-05
0.000119948403153
8.66293994477e-05
8.32974983496e-05
5.33103993803e-05
0.000666379986797
