0.0
0.000117663403216
9.20844031498e-05
8.69685973157e-05
0.000158589798957
0.000245558388997
0.000322295411024
0.000567853800021
0.00120732875075
0.0036936076358
0.000562737986911
0.000501348404214
0.000378569209715
0.000373453396605
0.000358105986379
0.000312063813908
0.000317179597914
0.000291600590572
0.000189284604858
0.00020974779909
0.000158589798957
0.000168821396073
0.000189284604858
0.000102316000266
0.000112547597382
0.000112547597382
8.69685973157e-05
0.000127894993057
5.62737986911e-05
8.18527987576e-05
6.13895972492e-05
7.16212016414e-05
5.1158000133e-05
5.1158000133e-05
3.06947986246e-05
3.58106008207e-05
5.62737986911e-05
3.58106008207e-05
2.04631996894e-05
3.06947986246e-05
3.06947986246e-05
5.11579992235e-06
2.04631996894e-05
5.11579992235e-06
5.11579992235e-06
5.11579992235e-06
5.11579992235e-06
1.02315998447e-05
1.53473993123e-05
1.02315998447e-05
2.04631996894e-05
0.000112547597382
