5.17699982083e-06
1.03539996417e-05
1.03539996417e-05
1.55310008267e-05
2.07079992833e-05
7.24779965822e-05
7.24779965822e-05
9.8363001598e-05
0.000196726003196
0.000243318994762
0.000227787997574
0.000160487004905
0.000357212993549
0.000300265994156
0.000352036004188
0.000305443012621
0.000295089004794
0.000346858985722
0.000434868008597
0.000388274987927
0.000367567001376
0.000393452006392
0.000450399005786
0.000507346005179
0.000372743990738
0.000471106992336
0.000616063014604
0.000605708977673
0.000993984052911
0.00181712699123
0.00181195000187
0.000926683016587
0.000408983003581
0.000393452006392
0.000243318994762
0.000269203999778
0.00022261099366
0.000150132997078
0.000150132997078
0.000134601999889
0.000134601999889
8.28319971333e-05
0.0001190710027
0.000108717002149
9.31859976845e-05
8.80090010469e-05
4.65929988422e-05
0.000108717002149
3.62389982911e-05
7.24779965822e-05
6.2124003307e-05
0.000512522994541
