0.0
0.10639359802
0.31918078661
1.21687674522
1.62915205956
1.86188805103
1.80869114399
1.95498239994
2.0347776413
1.76214396954
1.49616003036
1.24347519875
1.02403843403
0.744755208492
0.565216004848
0.465472012758
0.418924808502
0.392326414585
0.292582392693
0.299232006073
0.139641597867
0.192838400602
0.192838400602
0.159590393305
0.119692802429
0.0864448025823
0.10639359802
0.0598464012146
0.0797951966524
0.0398975983262
0.0398975983262
0.0398975983262
0.026598399505
0.0332479998469
0.0132991997525
0.0332479998469
0.0132991997525
0.0132991997525
0.0
0.0132991997525
0.0
0.0
0.00664959987625
0.00664959987625
0.0132991997525
0.00664959987625
0.0
0.00664959987625
0.0
0.0132991997525
0.0
0.0332479998469
