0.00664959987625
0.192838400602
0.51866877079
1.23017597198
1.94168317318
2.43375349045
2.16776967049
2.2276160717
2.1278719902
1.72224640846
1.36316800117
1.16367995739
0.944243192673
0.565216004848
0.438873589039
0.365727990866
0.265983998775
0.252684801817
0.206137597561
0.172889605165
0.126342400908
0.126342400908
0.0997439995408
0.0930944010615
0.0598464012146
0.0465472005308
0.05319679901
0.0398975983262
0.026598399505
0.0332479998469
0.0132991997525
0.0332479998469
0.0199487991631
0.0132991997525
0.00664959987625
0.00664959987625
0.00664959987625
0.0
0.0
0.0
0.0
0.0
0.0
0.00664959987625
0.0
0.0
0.0
0.0
0.0
0.0
0.0
0.00664959987625
