0.00664959987625
0.0864448025823
0.31918078661
1.07058560848
1.76214396954
1.97493124008
2.07467508316
2.15447044373
1.98158085346
1.69564795494
1.58260476589
1.20357763767
0.97084158659
0.824550390244
0.472121596336
0.478771209717
0.432224005461
0.32583039999
0.305881589651
0.206137597561
0.152940794826
0.172889605165
0.166240006685
0.0997439995408
0.0864448025823
0.0465472005308
0.0731455981731
0.0664959996939
0.0465472005308
0.0465472005308
0.026598399505
0.0398975983262
0.0132991997525
0.0199487991631
0.026598399505
0.0132991997525
0.0199487991631
0.00664959987625
0.0
0.0
0.0132991997525
0.00664959987625
0.00664959987625
0.00664959987625
0.0132991997525
0.00664959987625
0.0
0.0
0.0
0.0132991997525
0.0
0.00664959987625
