0.0
2.08019991987e-06
9.36089963943e-06
9.36089963943e-06
1.24812004287e-05
1.35213003887e-05
1.87217992789e-05
1.87217992789e-05
1.97618992388e-05
3.3283198718e-05
1.14410995593e-05
2.28821991186e-05
3.53633986379e-05
3.01629006572e-05
3.12029987981e-05
3.53633986379e-05
3.3283198718e-05
3.95237984776e-05
2.49624008575e-05
5.30450997758e-05
0.000837280473206
4.47243000963e-05
4.05639002565e-05
2.91228006972e-05
2.49624008575e-05
4.26441001764e-05
2.91228006972e-05
2.08019991987e-05
2.91228006972e-05
2.60025008174e-05
2.28821991186e-05
2.70426007773e-05
1.56014993991e-05
1.6641599359e-05
1.56014993991e-05
1.56014993991e-05
1.76816993189e-05
1.35213003887e-05
1.24812004287e-05
1.56014993991e-05
4.16039983975e-06
1.14410995593e-05
9.36089963943e-06
1.04009995994e-05
9.36089963943e-06
1.04009995994e-05
1.04009995994e-05
8.3207996795e-06
8.3207996795e-06
5.20049979968e-06
5.20049979968e-06
7.28070008336e-05
