0.0
1.57928002409e-06
1.57928002409e-06
7.89640034782e-06
8.6860400188e-06
6.31712009636e-06
5.52747997062e-06
6.31712009636e-06
9.47567968979e-06
9.47567968979e-06
1.34238798637e-05
1.02653202703e-05
1.34238798637e-05
1.10549599412e-05
1.34238798637e-05
1.50031601152e-05
2.05306405405e-05
1.18445996122e-05
1.81617197086e-05
2.36891992245e-05
1.89513593796e-05
2.21099198825e-05
2.36891992245e-05
2.52684803854e-05
2.05306405405e-05
1.65824403666e-05
3.00063202303e-05
2.05306405405e-05
1.57928006956e-05
3.07959599013e-05
9.55464420258e-05
0.000634080905002
4.97473192809e-05
1.26342401927e-05
1.65824403666e-05
1.34238798637e-05
1.65824403666e-05
1.65824403666e-05
1.73720800376e-05
1.42135204442e-05
1.42135204442e-05
8.6860400188e-06
1.65824403666e-05
1.57928006956e-05
1.65824403666e-05
1.26342401927e-05
8.6860400188e-06
1.26342401927e-05
1.02653202703e-05
8.6860400188e-06
7.89640034782e-06
0.000129500956973
