8.50590026857e-07
3.40236010743e-06
1.19082596939e-05
2.21153404709e-05
2.63682904915e-05
3.57247809006e-05
5.10354002472e-05
3.91271387343e-05
3.48741887137e-05
0.000592861208133
4.76330387755e-05
4.84836309624e-05
4.50812694908e-05
3.74259616365e-05
2.80694694084e-05
2.1264750103e-05
2.72188808594e-05
2.97706501442e-05
1.70118000824e-05
2.04141597351e-05
2.46671097557e-05
1.95635693672e-05
1.87129808182e-05
1.36094404297e-05
1.95635693672e-05
1.44600298881e-05
1.87129808182e-05
1.10576702355e-05
1.70118000824e-05
9.35649040912e-06
6.80472021486e-06
6.80472021486e-06
6.80472021486e-06
2.55176996689e-06
8.5059000412e-06
9.35649040912e-06
6.80472021486e-06
1.70118005371e-06
8.5059000412e-06
4.2529500206e-06
5.95412984694e-06
3.40236010743e-06
4.2529500206e-06
3.40236010743e-06
3.40236010743e-06
2.55176996689e-06
0.0
1.70118005371e-06
1.70118005371e-06
2.55176996689e-06
3.40236010743e-06
1.02070798675e-05
