0.0
2.5254000775e-06
2.02031992558e-06
4.54572000308e-06
4.54572000308e-06
6.56604015603e-06
1.51524000103e-06
5.050800155e-06
5.050800155e-06
3.5355599266e-06
4.54572000308e-06
5.55587985218e-06
7.57620000513e-06
5.55587985218e-06
6.06096000411e-06
9.09144000616e-06
7.07111985321e-06
5.55587985218e-06
5.55587985218e-06
8.08127970231e-06
9.09144000616e-06
1.06066800072e-05
7.07111985321e-06
1.010160031e-05
6.56604015603e-06
1.36371600092e-05
5.55587985218e-06
8.58636030898e-06
1.31320803121e-05
7.57620000513e-06
1.06066800072e-05
1.21219200082e-05
1.36371600092e-05
9.59651970334e-06
1.26269997054e-05
1.56574806169e-05
1.11117597044e-05
1.11117597044e-05
1.26269997054e-05
8.58636030898e-06
1.31320803121e-05
0.000125764912809
0.000363657600246
2.62641606241e-05
9.09144000616e-06
9.09144000616e-06
9.09144000616e-06
1.1616840311e-05
8.08127970231e-06
7.57620000513e-06
1.11117597044e-05
0.000138896997669
