5.05079981394e-07
2.5254000775e-06
2.02031992558e-06
2.02031992558e-06
3.03048000205e-06
7.57620000513e-06
2.02031992558e-06
5.050800155e-06
3.03048000205e-06
4.04063985115e-06
2.5254000775e-06
2.5254000775e-06
6.06096000411e-06
4.04063985115e-06
4.04063985115e-06
4.04063985115e-06
4.04063985115e-06
3.03048000205e-06
5.050800155e-06
3.03048000205e-06
6.06096000411e-06
3.5355599266e-06
3.03048000205e-06
6.56604015603e-06
3.5355599266e-06
1.11117597044e-05
5.55587985218e-06
6.06096000411e-06
6.06096000411e-06
8.58636030898e-06
5.050800155e-06
9.09144000616e-06
1.010160031e-05
9.09144000616e-06
7.07111985321e-06
1.1616840311e-05
1.21219200082e-05
9.59651970334e-06
7.07111985321e-06
7.07111985321e-06
1.11117597044e-05
0.000126775077661
0.000454572000308
3.03048000205e-05
8.08127970231e-06
8.58636030898e-06
1.11117597044e-05
1.26269997054e-05
1.21219200082e-05
5.050800155e-06
5.050800155e-06
0.000139402080094
