3.12030010718e-06
3.12030010718e-06
1.14410995593e-05
7.28070017431e-06
1.14410995593e-05
8.3207996795e-06
1.04009995994e-05
7.28070017431e-06
8.3207996795e-06
1.35213003887e-05
1.45614003486e-05
1.56014993991e-05
2.39223008975e-05
1.56014993991e-05
2.91228006972e-05
2.60025008174e-05
1.87217992789e-05
3.12029987981e-05
1.87217992789e-05
5.09648998559e-05
0.00090384692885
5.51252996956e-05
3.84837003367e-05
2.80827007373e-05
3.01629006572e-05
3.84837003367e-05
2.18420991587e-05
2.39223008975e-05
2.70426007773e-05
2.28821991186e-05
2.39223008975e-05
3.01629006572e-05
1.97618992388e-05
1.04009995994e-05
1.97618992388e-05
1.56014993991e-05
1.76816993189e-05
1.76816993189e-05
1.35213003887e-05
1.56014993991e-05
5.20049979968e-06
1.35213003887e-05
1.04009995994e-05
1.35213003887e-05
1.14410995593e-05
1.76816993189e-05
1.76816993189e-05
1.24812004287e-05
1.04009995994e-05
4.16039983975e-06
7.28070017431e-06
9.04886983335e-05
