2.36891992245e-06
2.36891992245e-06
1.57928002409e-06
7.89640034782e-06
4.73783984489e-06
1.02653202703e-05
5.52747997062e-06
7.89640034782e-06
4.73783984489e-06
5.52747997062e-06
3.94820017391e-06
3.15856004818e-06
7.10676022209e-06
1.10549599412e-05
8.6860400188e-06
7.10676022209e-06
1.57928006956e-05
9.47567968979e-06
1.57928006956e-05
1.34238798637e-05
1.65824403666e-05
1.57928006956e-05
1.57928006956e-05
1.34238798637e-05
1.89513593796e-05
1.18445996122e-05
1.81617197086e-05
1.26342401927e-05
1.65824403666e-05
1.34238798637e-05
8.686039655e-05
0.000759633665439
4.4219839765e-05
9.47567968979e-06
1.57928006956e-05
1.73720800376e-05
1.81617197086e-05
1.57928006956e-05
2.21099198825e-05
2.05306405405e-05
1.26342401927e-05
9.47567968979e-06
1.57928006956e-05
1.81617197086e-05
1.34238798637e-05
1.18445996122e-05
1.02653202703e-05
1.18445996122e-05
7.10676022209e-06
1.10549599412e-05
6.31712009636e-06
0.000141345561133
