2.55176996689e-06
6.80472021486e-06
9.35649040912e-06
1.36094404297e-05
2.04141597351e-05
2.21153404709e-05
2.1264750103e-05
2.55177001236e-05
4.16789116571e-05
0.000640494283289
5.18859887961e-05
3.57247809006e-05
3.48741887137e-05
3.57247809006e-05
2.97706501442e-05
2.80694694084e-05
2.55177001236e-05
3.31730116159e-05
2.29659308388e-05
2.29659308388e-05
2.89200597763e-05
2.21153404709e-05
1.70118000824e-05
1.61612097145e-05
2.38165193878e-05
1.61612097145e-05
2.21153404709e-05
1.19082596939e-05
1.44600298881e-05
1.10576702355e-05
4.2529500206e-06
8.5059000412e-06
8.5059000412e-06
8.50590026857e-07
1.02070798675e-05
7.65530967328e-06
4.2529500206e-06
1.70118005371e-06
7.65530967328e-06
5.10353993377e-06
4.2529500206e-06
2.55176996689e-06
4.2529500206e-06
3.40236010743e-06
4.2529500206e-06
3.40236010743e-06
0.0
2.55176996689e-06
1.70118005371e-06
2.55176996689e-06
5.10353993377e-06
1.10576702355e-05
