2.42438400164e-05
5.050800155e-06
3.5355599266e-06
1.51524000103e-06
4.04063985115e-06
8.08127970231e-06
4.04063985115e-06
7.57620000513e-06
4.04063985115e-06
5.55587985218e-06
5.050800155e-06
5.55587985218e-06
6.56604015603e-06
3.5355599266e-06
6.56604015603e-06
7.07111985321e-06
7.07111985321e-06
3.5355599266e-06
7.57620000513e-06
9.09144000616e-06
7.07111985321e-06
1.010160031e-05
9.09144000616e-06
1.1616840311e-05
5.55587985218e-06
1.56574806169e-05
1.010160031e-05
7.57620000513e-06
1.21219200082e-05
1.26269997054e-05
9.09144000616e-06
8.58636030898e-06
9.59651970334e-06
1.1616840311e-05
1.41422397064e-05
1.61625594046e-05
1.51524000103e-05
1.21219200082e-05
1.56574806169e-05
7.57620000513e-06
1.31320803121e-05
0.000122734432807
0.000419216405135
2.97997194139e-05
5.050800155e-06
6.06096000411e-06
6.56604015603e-06
1.010160031e-05
4.04063985115e-06
4.54572000308e-06
5.55587985218e-06
6.56604024698e-05
