3.2243100577e-05
2.08019991987e-06
8.3207996795e-06
1.35213003887e-05
1.97618992388e-05
1.6641599359e-05
1.87217992789e-05
2.08019991987e-05
1.6641599359e-05
2.39223008975e-05
1.56014993991e-05
2.60025008174e-05
3.43233004969e-05
2.49624008575e-05
3.64035004168e-05
3.2243100577e-05
3.43233004969e-05
3.3283198718e-05
3.43233004969e-05
4.36841983174e-05
0.00100889697205
5.09648998559e-05
3.84837003367e-05
1.76816993189e-05
2.18420991587e-05
2.49624008575e-05
2.08019991987e-05
1.35213003887e-05
2.08019991987e-05
1.76816993189e-05
1.56014993991e-05
1.6641599359e-05
1.14410995593e-05
9.36089963943e-06
1.04009995994e-05
1.04009995994e-05
1.04009995994e-05
1.04009995994e-05
6.24060021437e-06
7.28070017431e-06
1.04009995994e-06
8.3207996795e-06
2.08019991987e-06
6.24060021437e-06
6.24060021437e-06
7.28070017431e-06
5.20049979968e-06
7.28070017431e-06
5.20049979968e-06
3.12030010718e-06
3.12030010718e-06
3.01629006572e-05
