3.07959599013e-05
4.73783984489e-06
9.47567968979e-06
7.10676022209e-06
1.18445996122e-05
1.34238798637e-05
1.18445996122e-05
7.89640034782e-06
8.6860400188e-06
1.34238798637e-05
9.47567968979e-06
8.6860400188e-06
1.18445996122e-05
1.34238798637e-05
1.50031601152e-05
1.26342401927e-05
1.81617197086e-05
1.89513593796e-05
1.89513593796e-05
2.13202802115e-05
1.81617197086e-05
2.13202802115e-05
2.21099198825e-05
2.44788407144e-05
2.44788407144e-05
1.81617197086e-05
2.84270408883e-05
1.97410008695e-05
1.81617197086e-05
1.50031601152e-05
9.63360798778e-05
0.000768319703639
4.4219839765e-05
8.6860400188e-06
8.6860400188e-06
1.26342401927e-05
8.6860400188e-06
8.6860400188e-06
1.02653202703e-05
1.02653202703e-05
7.10676022209e-06
3.94820017391e-06
7.10676022209e-06
7.89640034782e-06
1.02653202703e-05
8.6860400188e-06
5.52747997062e-06
4.73783984489e-06
7.10676022209e-06
3.15856004818e-06
3.94820017391e-06
5.68540817767e-05
