2.46671097557e-05
1.10576702355e-05
1.44600298881e-05
1.78623904503e-05
2.80694694084e-05
3.74259616365e-05
2.1264750103e-05
3.06212386931e-05
3.91271387343e-05
0.000768933387008
4.50812694908e-05
3.40236001648e-05
3.06212386931e-05
2.97706501442e-05
2.89200597763e-05
1.95635693672e-05
2.63682904915e-05
2.04141597351e-05
1.44600298881e-05
2.04141597351e-05
2.1264750103e-05
9.35649040912e-06
1.10576702355e-05
8.5059000412e-06
1.53106193466e-05
5.95412984694e-06
1.61612097145e-05
5.10353993377e-06
8.5059000412e-06
4.2529500206e-06
4.2529500206e-06
4.2529500206e-06
3.40236010743e-06
0.0
3.40236010743e-06
5.10353993377e-06
1.70118005371e-06
1.70118005371e-06
2.55176996689e-06
2.55176996689e-06
1.70118005371e-06
1.70118005371e-06
8.50590026857e-07
8.50590026857e-07
1.70118005371e-06
0.0
0.0
8.50590026857e-07
1.70118005371e-06
0.0
2.55176996689e-06
2.55176996689e-06
