0.00585549604148
0.148715898395
0.091890193522
0.0465700253844
0.0271544344723
0.0160598102957
0.00939961243421
0.00650610681623
0.00479397317395
0.00304759736173
0.00241410802118
0.00157516263425
0.00101015868131
0.00097591598751
0.000941673351917
0.000582125328947
0.000547882693354
0.000308184011374
0.000359547993867
0.000410912005464
0.000273941346677
0.000188334670383
0.000119849333714
0.000119849333714
0.000171213338035
0.000154092005687
8.56066690176e-05
8.56066690176e-05
5.1364000683e-05
8.56066690176e-05
1.71213341673e-05
6.84853366693e-05
3.42426683346e-05
1.71213341673e-05
3.42426683346e-05
3.42426683346e-05
5.1364000683e-05
0.0
0.0
0.0
1.71213341673e-05
1.71213341673e-05
0.0
0.0
1.71213341673e-05
0.0
3.42426683346e-05
0.0
0.0
0.0
0.0
0.0
