0.00734505197033
0.162686914206
0.0934311151505
0.0438648574054
0.0242951717228
0.0131320627406
0.00789293460548
0.00549594778568
0.00366396526806
0.00196895329282
0.00164364802185
0.00123273604549
0.000873188022524
0.000684853352141
0.000410912005464
0.000479397334857
0.00032530532917
0.000154092005687
0.000119849333714
0.000273941346677
0.000154092005687
0.000136970673339
6.84853366693e-05
6.84853366693e-05
8.56066690176e-05
1.71213341673e-05
1.71213341673e-05
6.84853366693e-05
5.1364000683e-05
1.71213341673e-05
1.71213341673e-05
1.71213341673e-05
0.0
3.42426683346e-05
0.0
3.42426683346e-05
1.71213341673e-05
0.0
0.0
0.0
0.0
1.71213341673e-05
0.0
0.0
0.0
0.0
0.0
0.0
0.0
0.0
0.0
0.0
