0.00429745484143
0.159296885133
0.092866115272
0.0434197001159
0.0250313896686
0.014125100337
0.00838945340365
0.00609519472346
0.00421184813604
0.00270517077297
0.0022086519748
0.00138682802208
0.00109576538671
0.000993037363514
0.000821824010927
0.00065061065834
0.00053076131735
0.000256819999777
0.000291062664473
0.00032530532917
0.00032530532917
0.000205456002732
0.000136970673339
8.56066690176e-05
0.000119849333714
0.000273941346677
8.56066690176e-05
6.84853366693e-05
6.84853366693e-05
5.1364000683e-05
3.42426683346e-05
5.1364000683e-05
5.1364000683e-05
5.1364000683e-05
3.42426683346e-05
5.1364000683e-05
1.71213341673e-05
0.0
0.0
0.0
1.71213341673e-05
0.0
0.0
0.0
1.71213341673e-05
0.0
3.42426683346e-05
0.0
0.0
1.71213341673e-05
0.0
0.0
