0.00562549987808
0.00675059994683
0.0225019995123
0.00900079961866
0.0157513990998
0.0202517993748
0.0236271005124
0.0180015992373
0.0202517993748
0.0360031984746
0.0382534004748
0.0472542010248
0.0731315016747
0.0753817036748
0.0742565989494
0.0855076014996
0.111384898424
0.101259000599
0.131636694074
0.138387292624
0.140637502074
0.173265397549
0.163139507174
0.198017597198
0.159764200449
0.174390494823
0.177765801549
0.160889297724
0.176640704274
1.08122110367
2.20519590378
0.154138699174
0.128261402249
0.105759397149
0.104634299874
0.111384898424
0.0821323022246
0.0798821002245
0.0765068009496
0.0810071974993
0.0686310976744
0.0461291000247
0.0607554018497
0.0495043992996
0.0461291000247
0.0495043992996
0.0461291000247
0.0450039990246
0.0483792982996
0.0326278991997
0.0225019995123
0.268898904324
