0.000739720009733
0.00813691969961
0.00887664034963
0.0140546802431
0.00887664034963
0.0177532806993
0.0125752398744
0.00887664034963
0.0162738393992
0.0162738393992
0.0162738393992
0.0192327201366
0.0184930004179
0.0258901994675
0.0244107600302
0.0266299191862
0.0355065613985
0.0414243191481
0.0414243191481
0.0421640388668
0.0532598383725
0.0636159181595
0.0532598383725
0.059917319566
0.0835883617401
0.0717528387904
0.0887664034963
0.0872869566083
0.0902458429337
0.102821081877
0.0954238772392
0.11539632082
0.105779960752
0.0909855589271
0.0843280777335
0.0983827635646
0.0865472406149
0.0976430401206
0.0895061194897
0.242628157139
1.53491902351
0.346928685904
0.0813691988587
0.0739720016718
0.0584378801286
0.0510406792164
0.049561239779
0.0451229214668
0.049561239779
0.039205159992
0.0384654402733
0.420900672674
