0.00722400005907
0.0303408000618
0.0231167990714
0.0476783998311
0.0418992005289
0.0346751995385
0.0505679994822
0.0664608031511
0.0780192017555
0.108359999955
0.117028802633
0.176265597343
0.208051204681
0.203716799617
0.236947193742
0.264398396015
0.23839199543
0.236947193742
0.277401596308
3.56576633453
0.699283182621
0.23839199543
0.180600002408
0.176265597343
0.174820795655
0.192158401012
0.119918398559
0.122808001935
0.114139199257
0.111249603331
0.106915198267
0.0953567996621
0.0837984010577
0.0780192017555
0.0924671962857
0.0780192017555
0.0722400024533
0.0505679994822
0.0549024008214
0.0476783998311
0.0375647991896
0.0303408000618
0.0260064005852
0.0346751995385
0.0317855998874
0.0202271994203
0.0288960002363
0.0187823995948
0.0144480001181
0.0231167990714
0.0173375997692
0.144480004907
