0.0246188808233
0.0426095984876
0.0658081620932
0.082851998508
0.124988161027
0.180380642414
0.247135683894
0.256131052971
0.311523526907
2.95473909378
0.27932959795
0.257551372051
0.246662244201
0.214468315244
0.205946400762
0.172332152724
0.162389919162
0.137771040201
0.142978876829
0.112678721547
0.103683359921
0.0814316794276
0.0743300765753
0.0714894384146
0.0620206408203
0.0610737614334
0.0449768006802
0.0435564815998
0.0326673611999
0.0217782407999
0.0336142405868
0.0279329605401
0.0208313595504
0.0184641592205
0.0189376007766
0.0175172798336
0.0113625600934
0.0146766398102
0.00662815989926
0.00710160005838
0.0089953597635
0.00852192007005
0.0056812800467
0.00426096003503
0.00710160005838
0.00378752010874
0.00236720009707
0.00331407994963
0.00284064002335
0.00142032001168
0.000946880027186
0.0118359997869
