2756.58129883
524.305358887
229.595825195
115.546920776
62.6170425415
37.1174926758
23.7019329071
14.6805505753
10.7524213791
7.85625839233
5.69245862961
3.99470758438
2.26366758347
2.39682459831
1.19841229916
0.865520000458
0.865520000458
0.665784597397
0.466049224138
0.36618155241
0.299603074789
0.233024612069
0.332892298698
0.0665784627199
0.166446149349
0.233024612069
0.0665784627199
0.03328923136
0.03328923136
0.0665784627199
0.03328923136
0.0665784627199
0.0
0.0
0.03328923136
0.03328923136
0.03328923136
0.0
0.0
0.03328923136
0.0
0.0
0.0
0.0
0.03328923136
0.0
0.0
0.0
0.0
0.03328923136
0.0
0.03328923136
