2911.70922852
447.507141113
191.046890259
97.1712646484
52.7634315491
33.2559432983
22.2039165497
13.0493783951
8.58862113953
6.29166460037
5.32627677917
3.52865839005
2.09722161293
2.43011379242
1.46472620964
0.898809254169
1.09854459763
0.699073851109
0.39947077632
0.299603074789
0.299603074789
0.19973538816
0.13315692544
0.0998676940799
0.0998676940799
0.13315692544
0.0665784627199
0.0665784627199
0.0998676940799
0.0665784627199
0.03328923136
0.0665784627199
0.0
0.03328923136
0.03328923136
0.03328923136
0.03328923136
0.0
0.0
0.0
0.0
0.0
0.0
0.0
0.0
0.0
0.0
0.0
0.0
0.0
0.0
0.0665784627199
