0.00634715985507
0.0195704102516
0.0301490090787
0.0269754305482
0.0359672382474
0.0449590496719
0.0830420106649
0.138579666615
0.307837247849
0.580236196518
0.161852583289
0.139108583331
0.145984679461
0.148100405931
0.132761433721
0.12852999568
0.11742246151
0.122182831168
0.101554557681
0.101025633514
0.0840998664498
0.0915048867464
0.0682319700718
0.0793394967914
0.0661162510514
0.0645294636488
0.061355881393
0.0428433306515
0.0428433306515
0.0454879812896
0.0423143990338
0.0275043603033
0.0322647318244
0.0327936597168
0.0269754305482
0.0243307799101
0.0190414804965
0.0163968298584
0.0174546893686
0.0174546893686
0.0174546893686
0.012165389955
0.0105785997584
0.0105785997584
0.0111075304449
0.0100496700034
0.00899180956185
0.00846287980676
0.00846287980676
0.0105785997584
0.00740501983091
0.0486615598202
