0.000727860024199
0.000727860024199
0.0021835800726
0.0021835800726
0.00363929988816
0.00582288019359
0.00691467011347
0.00582288019359
0.0090982504189
0.00837039016187
0.0105539700016
0.0152850598097
0.0167407803237
0.0149211296812
0.0207440108061
0.0196522194892
0.0262029599398
0.0323897711933
0.0298422593623
0.0309340506792
0.0287504699081
0.0236554499716
0.0393044389784
0.0294783301651
0.0356651395559
0.0305701196194
0.0484026893973
0.031297981739
0.047674831003
0.0389405116439
0.0436716005206
0.0524059198797
0.0575009398162
0.0505862683058
0.0629598870873
0.0658713281155
0.0789728090167
0.101536467671
0.137929469347
0.229275897145
0.31043228507
0.206348314881
0.0928021520376
0.0454912483692
0.03712086007
0.0309340506792
0.0243833102286
0.0334815606475
0.0251111704856
0.0269308201969
0.0327536985278
0.414152354002
