0.0
0.00220695999451
0.00331044010818
0.00275869993493
0.00606914004311
0.0137935001403
0.0132417604327
0.0165522005409
0.0165522005409
0.0259317792952
0.0336561389267
0.0353113599122
0.0413804985583
0.0386217981577
0.0474496409297
0.0507600791752
0.0513118207455
0.0606914013624
0.0529670417309
0.0766918584704
0.0634500980377
0.0871749222279
0.0766918584704
0.0827609971166
0.0943475365639
0.115313656628
0.133521080017
0.156694158912
0.24386908114
0.476151615381
0.551739990711
0.220696002245
0.0822092592716
0.0640018433332
0.0662088021636
0.0634500980377
0.0568292215466
0.0568292215466
0.054622258991
0.054622258991
0.0413804985583
0.0540705211461
0.0397252812982
0.0391735397279
0.0413804985583
0.027035260573
0.034207880497
0.0286904796958
0.0325526595116
0.0364148393273
0.0369665808976
0.41546022892
