0.00209019007161
0.00836076028645
0.00766402995214
0.0104509498924
0.0222953595221
0.0215986296535
0.0327463112772
0.0571318604052
0.0522547513247
0.0599187798798
0.0724599212408
0.0808206796646
0.0989356637001
0.102419309318
0.118444100022
0.112870261073
0.176272690296
0.230617627501
0.364389777184
0.801239490509
0.5497199893
0.160247907043
0.114960446954
0.092665091157
0.115657180548
0.110083341599
0.0905748978257
0.0863945186138
0.0975421965122
0.0843043327332
0.0843043327332
0.0801239535213
0.0773370265961
0.0634024292231
0.0613122396171
0.0550416707993
0.0529514811933
0.053648211062
0.0501645617187
0.0508612915874
0.051558021456
0.0362299606204
0.0404103398323
0.0355332307518
0.0181149803102
0.0320495814085
0.0264757405967
0.0341397710145
0.025779010728
0.0222953595221
0.0285659302026
0.27033123374
