0.00423143990338
0.0185125507414
0.0185125507414
0.0222150608897
0.0275043603033
0.0380829609931
0.0640005320311
0.110546372831
0.293027222157
0.492962747812
0.166612952948
0.149158254266
0.160794720054
0.161323651671
0.142811104655
0.144397884607
0.126414269209
0.126414269209
0.108959577978
0.109488509595
0.0973231196404
0.0983809828758
0.0751080587506
0.085686661303
0.0761659219861
0.0671741068363
0.0671741068363
0.0470747686923
0.0449590496719
0.0544797889888
0.043372258544
0.0312068704516
0.0370251014829
0.0327936597168
0.0264465007931
0.0222150608897
0.0200993400067
0.0179836191237
0.021686129272
0.0185125507414
0.0169257596135
0.0116364602
0.0105785997584
0.0111075304449
0.0105785997584
0.0105785997584
0.0105785997584
0.00952074024826
0.0105785997584
0.0105785997584
0.00793395005167
0.0481326282024
