0.000551739998627
0.00220695999451
0.00220695999451
0.0038621800486
0.00496566016227
0.00551739986986
0.0077243600972
0.0121382800862
0.00717261992395
0.0137935001403
0.0160004608333
0.0182074196637
0.0253800395876
0.02482829988
0.0292422194034
0.0336561389267
0.0480013787746
0.0402770191431
0.0430357195437
0.0606914013624
0.0640018433332
0.0612431392074
0.067864023149
0.0695192366838
0.0800023004413
0.109244517982
0.12193454057
0.164418518543
0.282490879297
0.553946971893
0.64774274826
0.246076047421
0.0954510197043
0.0640018433332
0.0689674988389
0.0535187795758
0.0468978993595
0.0557257384062
0.0513118207455
0.0485531203449
0.0402770191431
0.0568292215466
0.0452426783741
0.0424839816988
0.0391735397279
0.0286904796958
0.0308974403888
0.0325526595116
0.0286904796958
0.0364148393273
0.0358631014824
0.448012888432
