0.0
0.0021835800726
0.0021835800726
0.00254750996828
0.0021835800726
0.0021835800726
0.00473108980805
0.00254750996828
0.00436716014519
0.00545895006508
0.00582288019359
0.0116457603872
0.0123736197129
0.00946217961609
0.0152850598097
0.0149211296812
0.019288290292
0.0203800797462
0.017832569778
0.0225636605173
0.0240193791687
0.0167407803237
0.0251111704856
0.0232915207744
0.0229275897145
0.0229275897145
0.03712086007
0.0309340506792
0.0331176295877
0.0334815606475
0.0418519489467
0.0454912483692
0.0513141304255
0.0480387583375
0.0593205913901
0.0673270523548
0.0793367400765
0.105903632939
0.159037411213
0.275131076574
0.383582234383
0.257662445307
0.0986250266433
0.0447633899748
0.0363930016756
0.0272947493941
0.0251111704856
0.0309340506792
0.0243833102286
0.0229275897145
0.0305701196194
0.414516270161
