0.000696729985066
0.00418038014323
0.00418038014323
0.00975422002375
0.0090574901551
0.0146313300356
0.0209018997848
0.0292626600713
0.0264757405967
0.0397136099637
0.0431972593069
0.0599187798798
0.067582808435
0.0794272199273
0.0766403004527
0.105206228793
0.160247907043
0.204838618636
0.394349187613
0.899478435516
0.574105501175
0.172789037228
0.110780067742
0.0982389301062
0.117747366428
0.101025849581
0.0954520106316
0.101722583175
0.103116042912
0.0947552770376
0.0891814380884
0.0856977924705
0.0863945186138
0.0689762681723
0.0724599212408
0.0543449409306
0.0613122396171
0.0571318604052
0.0592220500112
0.0529514811933
0.0508612915874
0.0452874489129
0.0431972593069
0.039016880095
0.0229920893908
0.0362299606204
0.0306561198086
0.0376234203577
0.0348365008831
0.0236888192594
0.0292626600713
0.284962564707
