0.00655073998496
0.00618680985644
0.00618680985644
0.00764252990484
0.00873432029039
0.00873432029039
0.00837039016187
0.00837039016187
0.0109179001302
0.0120096895844
0.0134654100984
0.0156489908695
0.0167407803237
0.0160129200667
0.0232915207744
0.0181965008378
0.0291143991053
0.0280226096511
0.0240193791687
0.0363930016756
0.0316619090736
0.0272947493941
0.0349372811615
0.0360290706158
0.0291143991053
0.0302061904222
0.0498584099114
0.0393044389784
0.0494944788516
0.0429437384009
0.049130551517
0.0575009398162
0.0596845187247
0.0513141304255
0.0651434734464
0.0775170922279
0.0855235531926
0.106631487608
0.154670253396
0.257662445307
0.348280996084
0.226364463568
0.0847956910729
0.0396683700383
0.0298422593623
0.0269308201969
0.0207440108061
0.0283865407109
0.0221997294575
0.019288290292
0.0229275897145
0.267488539219
