0.00662088021636
0.0187591593713
0.0115865403786
0.0115865403786
0.0154487201944
0.0209661200643
0.0242765601724
0.0204143803567
0.0220695994794
0.0281387399882
0.0264835208654
0.0286904796958
0.0336561389267
0.0364148393273
0.0452426783741
0.0513118207455
0.0634500980377
0.054622258991
0.054622258991
0.0717262029648
0.0673122778535
0.084416218102
0.0866231769323
0.0827609971166
0.102071903646
0.126900196075
0.144004136324
0.167728960514
0.29242220521
0.561671316624
0.627880096436
0.227316886187
0.0816575214267
0.0557257384062
0.059036180377
0.0502083413303
0.0435874611139
0.0446909405291
0.0441391989589
0.0419322401285
0.029793959111
0.0441391989589
0.0292422194034
0.029793959111
0.029793959111
0.0220695994794
0.0264835208654
0.0253800395876
0.022621339187
0.02482829988
0.027035260573
0.268145650625
