0.0264757405967
0.0292626600713
0.025779010728
0.0299593899399
0.0236888192594
0.0299593899399
0.0327463112772
0.0501645617187
0.0473776385188
0.0508612915874
0.0647958889604
0.0759435668588
0.0843043327332
0.091968357563
0.105206228793
0.111476801336
0.192994207144
0.253609716892
0.433366060257
1.06390666962
0.649352371693
0.156764253974
0.0961487367749
0.0850010588765
0.105206228793
0.0801239535213
0.07803376019
0.0836075991392
0.0717631876469
0.07803376019
0.0738533809781
0.0543449409306
0.0668860822916
0.0494678318501
0.0487710982561
0.0404103398323
0.0397136099637
0.0355332307518
0.0383201502264
0.0327463112772
0.0327463112772
0.0285659302026
0.0209018997848
0.0229920893908
0.0146313300356
0.0188117101789
0.0181149803102
0.0285659302026
0.0188117101789
0.013934600167
0.0174182504416
0.162338092923
