6352.29492188
13575.9228516
14166.1796875
11608.3974609
9205.20605469
7420.37988281
6577.15478516
5663.66113281
4722.06005859
4047.47998047
3386.95385742
2796.69628906
2290.76123047
1869.14880371
1349.16003418
997.816223145
787.010009766
871.332519531
477.827514648
576.203735352
379.451263428
449.720001221
337.290008545
238.913757324
267.021240234
196.752502441
182.698745728
56.2150001526
196.752502441
98.3762512207
98.3762512207
84.3225021362
56.2150001526
28.1075000763
28.1075000763
14.0537500381
42.1612510681
28.1075000763
0.0
28.1075000763
28.1075000763
28.1075000763
14.0537500381
14.0537500381
0.0
14.0537500381
14.0537500381
14.0537500381
0.0
14.0537500381
28.1075000763
14.0537500381
