5199.88769531
12507.8378906
13379.1699219
11088.4091797
8502.51855469
7827.93896484
6802.01513672
6366.34863281
5270.15625
4708.00634766
3794.51245117
3232.36254883
2670.21240234
1883.20251465
1559.96630859
1194.56872559
885.386230469
815.117492676
632.418762207
463.773742676
463.773742676
477.827514648
281.075012207
295.128753662
267.021240234
196.752502441
140.537506104
112.430000305
154.591247559
70.2687530518
42.1612510681
70.2687530518
42.1612510681
28.1075000763
56.2150001526
42.1612510681
14.0537500381
28.1075000763
14.0537500381
0.0
42.1612510681
28.1075000763
14.0537500381
0.0
0.0
14.0537500381
14.0537500381
0.0
0.0
14.0537500381
14.0537500381
14.0537500381
