12901.3427734
22724.9140625
18312.0371094
13252.6865234
9148.99121094
6436.61767578
4806.38232422
3583.70629883
2431.29882812
1588.07373047
1574.02001953
1208.62255859
815.117492676
618.364990234
337.290008545
491.881256104
224.86000061
224.86000061
168.645004272
98.3762512207
98.3762512207
70.2687530518
84.3225021362
84.3225021362
112.430000305
28.1075000763
42.1612510681
14.0537500381
42.1612510681
14.0537500381
14.0537500381
42.1612510681
14.0537500381
14.0537500381
28.1075000763
14.0537500381
0.0
0.0
0.0
28.1075000763
0.0
14.0537500381
14.0537500381
0.0
0.0
0.0
0.0
0.0
0.0
0.0
0.0
14.0537500381
