8.84069959284e-06
2.94689994007e-06
0.0
2.94689994007e-06
0.0
0.0
0.0
0.0
0.0
2.94689994007e-06
2.94689994007e-06
2.94689994007e-06
2.94689994007e-06
2.94689994007e-06
0.0
2.94689994007e-06
1.76813991857e-05
3.53627983714e-05
0.000176814006409
0.00134968024213
0.00536925159395
0.00121117592789
0.000120822900499
2.35751995206e-05
1.17875997603e-05
1.17875997603e-05
2.94689994007e-06
2.94689994007e-06
0.0
0.0
0.0
0.0
2.94689994007e-06
0.0
2.94689994007e-06
0.0
2.94689994007e-06
0.0
5.89379988014e-06
2.94689994007e-06
2.94689994007e-06
0.0
0.0
0.0
2.94689994007e-06
0.0
0.0
2.94689994007e-06
0.0
0.0
0.0
5.89379988014e-06
