1.18765001389e-05
0.0
0.0
0.0
0.0
0.0
0.0
0.0
0.0
2.37530002778e-06
0.0
0.0
0.0
0.0
2.37530002778e-06
0.0
2.37530002778e-06
2.37530002778e-06
0.0
0.0
2.37530002778e-06
0.0
0.0
0.0
4.75060005556e-06
9.50120011112e-06
1.90024002222e-05
9.02613974176e-05
0.000147268598084
0.000553444901016
0.00178147503175
0.00268171378411
0.00117339822464
0.000292161887046
0.000118764997751
3.08788985421e-05
1.90024002222e-05
7.12590008334e-06
2.37530002778e-06
4.75060005556e-06
2.37530002778e-06
0.0
0.0
2.37530002778e-06
2.37530002778e-06
2.37530002778e-06
0.0
0.0
2.37530002778e-06
0.0
2.37530002778e-06
7.12590008334e-06
