3.13660007123e-06
0.0
0.0
3.13660007123e-06
0.0
1.56830003561e-06
0.0
0.0
0.0
0.0
1.56830003561e-06
0.0
0.0
0.0
0.0
0.0
0.0
1.56830003561e-06
1.56830003561e-06
1.56830003561e-06
0.0
1.56830003561e-06
0.0
0.0
0.0
1.56830003561e-06
0.0
1.56830003561e-06
1.56830003561e-06
1.56830003561e-06
0.0
1.56830003561e-06
3.13660007123e-06
4.70490022053e-06
9.40980044106e-06
1.25464002849e-05
2.50928005698e-05
6.27319968771e-05
0.000122327401186
0.000302681903122
0.000550473283511
0.00103978288826
0.00127345963847
0.000705735001247
0.000291703792755
0.000155261703185
8.15516032162e-05
3.29342983605e-05
2.82294004137e-05
1.0978100363e-05
6.27320014246e-06
1.0978100363e-05
