0.000307559996145
0.00143527996261
0.0890898779035
0.380861788988
0.250661402941
0.145065799356
0.0920629575849
0.0597691610456
0.0402903594077
0.0266552008688
0.0180435199291
0.0137376803905
0.0103545198217
0.00779152009636
0.00676632020622
0.00410080002621
0.00430584000424
0.00266551994719
0.00164032005705
0.00266551994719
0.00174284004606
0.00225543999113
0.00123023998458
0.00061511999229
0.000820160028525
0.000307559996145
0.000922680017538
0.000410080014262
0.000307559996145
0.000102520003566
0.000102520003566
0.000205040007131
0.000102520003566
0.000102520003566
0.000205040007131
0.000102520003566
0.0
0.0
0.000102520003566
0.0
0.000102520003566
0.0
0.000102520003566
0.0
0.0
0.0
0.0
0.0
0.000205040007131
0.0
0.0
0.0
