2.20660003833e-05
0.0
0.0
0.0
0.0
0.0
0.0
0.0
0.0
0.0
0.0
0.0
0.0
0.0
0.0
0.0
0.0
0.0
0.0
0.0
5.51650009584e-06
0.0
0.0
0.0
0.0
0.0
0.0
5.51650009584e-06
0.0
0.0
5.51650009584e-06
0.0
5.51650009584e-06
2.20660003833e-05
5.51650009584e-06
3.3099000575e-05
3.3099000575e-05
0.000137912502396
0.000215143503738
0.000513034523465
0.00116398150567
0.00212936894968
0.00221763295121
0.00131292699371
0.000628880981822
0.000281341490336
0.000137912502396
9.37805016292e-05
3.3099000575e-05
1.65495002875e-05
1.10330001917e-05
2.75825004792e-05
