0.00664959987625
0.0
0.345779210329
2.32735991478
2.51354885101
2.30741119385
2.13452148438
1.98158085346
1.69564795494
1.50280964375
1.20357763767
0.990790426731
0.904345571995
0.618412792683
0.445523202419
0.412275195122
0.265983998775
0.299232006073
0.219436794519
0.132991999388
0.132991999388
0.119692802429
0.10639359802
0.0864448025823
0.0465472005308
0.0664959996939
0.0398975983262
0.05319679901
0.0332479998469
0.0199487991631
0.0199487991631
0.026598399505
0.0199487991631
0.0132991997525
0.0132991997525
0.00664959987625
0.0
0.0
0.0
0.0
0.0
0.0
0.0
0.0
0.0
0.00664959987625
0.0
0.0
0.0
0.0
0.0
0.00664959987625
