2206.43219853
500.327921187
762.523970572
452.102179182
1769.01560414
698.56709162
501.307062591
503.437563058
470.234613478
545.208997738
503.978832895
1190.76734387
503.518347655
459.628044476
1425.9171344
1784.03094333
435.937837311
249.3903993
73.0350521285
1932.19030353
342.380843656
486.866100558
461.204190079
1215.14122013
460.16103961
1642.61635139
335.150594741
218.727415782
564.728673283
1801.82534997
236.106988644
1074.61845757
485.869555785
958.118301074
198.068304073
583.829516544
127.263431709
512.118789866
501.183239603
1079.59088721
961.056345416
464.875125039
486.84832262
678.713277018
540.129391311
511.165428678
486.720927863
1308.47763162
914.524233409
520.219707597
465.043950836
466.784637088
630.765683951
894.1555477
689.541420869
525.231734526
735.593599525
477.712176806
795.955874838
509.146705004
538.473580388
857.672934943
509.164892843
169.374496507
1330.32590217
573.799106522
832.557475149
517.287467863
465.744258715
889.248753094
486.336162861
469.651564611
672.005645709
1099.65676331
491.506345072
726.253248597
1076.82748877
133.993699391
992.168214292
146.95755025
1201.85251772
702.256378167
533.80780864
157.634256645
413.728551491
642.53146724
419.15644465
148.244420496
585.91266686
1044.69434679
780.954130356
666.893693044
525.745171375
2837.66854472
482.950421665
627.148860383
94.4177948335
1512.38438506
925.00226478
1117.24785278
694.553883366
757.56916502
497.008643112
936.951925362
629.828354183
1426.30440658
530.557793444
448.356757681
2370.44364908
448.381880705
501.618666449
187.885444815
1247.00811583
849.006101897
1312.51004271
524.732912008
496.436731135
166.25788031
627.768218072
2208.01381814
953.930113323
668.737364164
597.228311138
525.379800997
498.741600637
450.996228552
536.949083119
493.331974046
695.542313519
229.379827567
369.305141545
875.502926777
267.371102892
1618.47586216
121.981827389
457.644642839
387.691509974
119.944998196
1641.91777959
2035.35405389
494.265439328
1168.83865462
522.544371518
1054.8915643
924.302301645
1014.39702142
892.500851062
481.102209237
314.77526984
495.392843718
1370.85290119
782.386877117
543.092535516
505.315961157
604.787855124
1121.97357882
1250.71984312
1731.19767615
809.351248506
461.888791237
524.301926183
177.784903003
770.150998897
670.206692911
445.57520432
174.4809112
363.36287412
530.505108023
492.314262597
717.834193313
857.200399651
594.323218696
487.404450779
494.48203245
377.071160581
174.258741527
470.832552264
885.639698178
760.782969445
501.352031491
331.127239674
508.699765064
1068.67154822
1665.74741185
529.053244787
1494.70657154
935.114057367
498.789815782
504.147905149
771.358854482
479.73422015
1800.61603219
1244.69579845
2151.84215633
1569.81155781
752.350979172
483.306506796
638.506934896
2425.18253139
647.589792836
514.723713997
496.164493721
450.823923605
471.708618638
501.402181499
211.853835388
488.060037597
897.868819087
556.378122562
821.815987478
452.368375491
832.661126395
477.170474724
487.77690775
503.111777845
793.65487531
75.0423986472
508.386513824
425.718843753
505.806760943
1397.78034184
160.012618548
1054.23773062
459.457316123
423.870299017
1057.82664627
1611.88463541
1174.6816869
405.448063582
223.977198085
695.190423985
859.873284329
492.704997701
486.227168306
1186.79947837
487.625258458
332.409708212
1379.33648342
225.785981258
1154.41595091
788.276731983
771.243601726
117.417518798
1122.52944328
978.440022095
361.164369629
499.90695656
2249.27238663
282.452167908
969.472053361
495.295644257
558.253196328
832.602220531
1054.28954235
1097.30026056
724.001311125
1201.06444435
564.496489764
726.476513917
501.402283341
177.275448075
522.531535525
1104.63527237
497.585048888
478.59254187
473.059095979
478.02869971
166.603473138
971.131708806
141.624468785
1056.78146211
1009.92300641
492.958766978
350.372220896
513.695329749
57.8210724126
487.588798758
1397.64277754
508.614220427
1186.50091969
299.795174526
477.062056988
512.140912129
1279.39439768
82.1461629128
648.938781883
619.591561623
500.027937984
1009.55277773
482.173959456
494.688307687
816.50422921
446.482110181
165.730679241
964.039847597
110.143120802
525.929782546
483.561208269
466.004016054
500.098878909
1311.72011567
1111.71469147
436.450116424
494.32811735
500.183135499
531.762234796
1504.64619238
795.370518786
482.035608515
935.246978499
985.622609223
465.17583603
452.666032074
478.95265905
767.375048623
206.414477983
626.274800193
560.653118342
478.138078174
870.354136497
510.405028271
1184.25001885
1993.17250156
498.316307918
1039.85869811
751.432746648
698.038099622
1129.58322596
1122.71102633
692.145284612
2085.06700399
963.000607242
1037.36086345
503.776022096
987.231326416
472.363366309
448.462330221
470.931574425
1355.48181962
509.559839638
1153.4547016
621.15510077
501.094887298
463.418419414
526.815834864
337.652934744
516.891371756
1007.44676402
540.583009881
354.77470902
483.916606363
577.971239627
389.108656005
520.681776487
1563.53425933
482.679541622
1965.21843221
444.093599301
1234.9399513
682.970383415
302.807104445
457.501252007
1271.55398535
486.055868676
1387.18647962
354.792136188
695.01484192
508.099667471
481.302227381
441.669840761
472.983396942
644.028176834
1170.46750601
1615.17167482
1496.05194554
483.250955051
509.23884024
514.054130344
528.895216504
531.054709637
717.514807533
531.125876239
477.054443413
307.124993878
1005.46516411
1007.26598729
453.526484498
745.009845011
421.990810414
378.231518395
1190.33870913
518.923900546
491.44592573
975.19083925
504.971830954
706.07966047
464.884902053
142.999179505
826.31210593
47.4823728207
411.158238542
2045.94636866
122.619658248
341.030820702
807.542430989
1647.73738875
482.559623443
1638.36651916
486.372555382
612.679606917
515.065515651
192.10165114
57.3866137505
289.374026868
518.010756823
1801.1634753
588.577153629
486.377164974
1386.58879074
789.55885217
26.3286475682
1094.62743499
510.187934786
535.940587998
206.980829534
514.397911959
499.056007262
778.832982331
494.403725541
990.669426663
30.6799970427
470.744547088
676.991323897
882.098765006
1126.78214112
484.968896025
1346.47835452
657.919620118
460.247610971
2412.86330341
710.501114509
475.315640558
787.905777252
609.696760784
399.831434315
1638.70694069
1007.42072673
1274.77470422
492.267029624
492.541315091
298.012667174
1733.58919722
1363.26220437
461.103170615
559.155631597
660.198370055
2146.32605477
1008.47244695
516.358632058
1072.49832024
1478.66233197
148.079694778
1016.54303648
1067.96960801
286.619431976
710.214433685
1305.55752801
437.55772938
706.121607528
980.760581618
251.395622843
959.17818474
792.908947743
2554.89807506
522.671072608
800.957924282
1005.21090629
201.599326551
425.805294213
696.620589418
366.436245603
498.737954084
960.340278562
1577.230089
1890.37634839
206.692441768
47.3332865854
2527.51725356
426.58788786
470.231116796
452.034485665
1039.14166901
404.487019242
922.609789263
563.298458853
526.012890232
66.6553493438
710.344858246
1115.96597362
449.439002246
1263.04324353
474.259957755
527.704473769
841.925732147
664.734053398
390.168323153
485.785361603
642.793918751
709.944160253
507.610880197
648.559165051
626.609851254
1430.20828166
530.843379364
510.419701113
495.254478432
832.397381067
906.661073961
501.65267054
513.229902205
1060.18403691
522.91379561
606.833536904
1026.87930124
471.625680183
492.083404011
1174.42210089
666.040258357
501.21787239
1303.4765129
610.437103281
495.630039379
709.671715257
443.581553713
465.737261045
508.678170249
639.993517583
641.239996088
927.022851419
441.21082601
478.123035431
500.445988245
34.272435748
316.547799119
148.918028489
469.848303714
1322.35592808
695.329518885
504.561606662
461.068978022
1551.60052273
772.826589057
1979.72547549
731.921978885
504.122809396
1508.9900781
504.337176971
700.743867218
189.227376863
1759.6970358
858.044266302
1590.02824635
496.806752142
464.996772092
1736.29744384
34.5279913989
494.033976959
1374.69328909
124.404580232
498.530021922
607.22079523
881.214020218
1115.33715101
794.699872988
499.66972816
739.807059717
1303.81202663
1080.17622249
136.655677675
872.598399993
649.295401693
517.939453676
377.708566398
84.0841690777
540.005066514
433.74830961
546.053462069
953.546651296
451.566016064
136.596033582
474.743018033
306.050410213
497.834384638
1523.94329438
889.763471007
645.63528437
478.55747573
802.508456129
492.051120788
582.719137244
465.812824534
1533.56993725
498.855375255
506.289277334
1212.41580001
519.436749519
529.887428869
685.079455228
494.609648716
489.344141641
599.170989821
507.765833645
274.470958549
506.579040476
894.556443778
521.910577131
447.700656276
2220.03709916
533.241733189
509.478745157
1762.30520027
810.513801697
44.763233751
1191.01751492
466.284514832
1053.46745563
636.139526181
463.235785112
1577.83668637
360.795419318
2181.67427185
519.32313227
860.319010484
498.193340169
1048.49496531
733.536736814
776.961951667
534.67684044
771.082435438
500.106547569
798.823896792
460.652026579
510.639093465
510.338197828
601.375719109
162.083119482
778.080376315
302.256481663
764.567097211
915.660792769
834.63421247
504.121714589
939.611482256
470.928889237
904.351936539
485.690600601
808.732123954
500.378725768
499.858784863
467.55817776
1994.98883404
498.410666714
448.433940379
290.194352387
288.919204397
680.060540694
261.066980808
490.159184995
1147.75788486
513.625075883
215.160626491
961.321379035
480.923365258
520.22559911
493.148229647
1523.32614772
495.560633494
1160.51718232
470.811504791
111.260102263
969.430121834
615.086102613
484.448444144
568.096389123
133.819029204
532.811070736
503.078290195
186.069932148
869.911757869
47.2618755414
459.835262582
611.173213521
498.189840785
483.547567011
850.185470954
1296.42896055
503.838525868
441.183098879
521.370804128
289.567636324
850.03569964
1141.36382577
247.271189002
496.541361592
510.179672948
1597.38805282
768.950898448
394.451090705
514.129221226
533.504029863
513.207642139
476.673362009
520.591469122
512.968986135
172.355164569
1124.08186775
641.41973449
508.86635923
455.49146786
521.458854713
169.018480406
502.522760826
738.398811263
1359.58984664
502.12746693
483.980304463
1309.09533632
667.160847383
1224.21689302
383.662829186
348.769618171
177.35362216
927.768426931
495.126476563
634.249764901
591.675809147
499.86838407
289.3599514
428.387352395
982.601038831
477.30012532
690.239947469
58.6959278692
523.750598553
509.283874676
1191.60074786
907.850333176
1103.95515829
839.559346924
478.80170448
546.487068916
512.964288733
480.97929407
438.827572442
383.02469134
645.710363863
393.65374213
1129.10708634
501.087748052
499.848028004
479.554941853
488.789785499
672.490098182
633.344075373
905.314301096
493.467743953
316.351023903
1375.51522755
481.032379933
484.227216169
733.343878219
800.691156602
1150.96141601
777.600566786
1448.47849271
543.071231963
87.2933797279
502.675616463
1209.46091538
368.808509055
1194.29873225
564.705220853
521.187935007
527.193928736
624.002285649
34.6719638115
700.406837221
1966.84466804
929.663630825
549.185730012
1534.6011586
470.210350273
495.572122205
899.385021697
1388.67655771
1920.12482288
525.855508294
495.025314914
501.383293107
428.189679944
756.203390413
560.427884071
973.855558279
270.321374491
817.834711831
418.56187301
903.905990174
532.002868828
524.326266896
945.437267648
170.393683069
847.459352385
476.168715397
2275.16512676
577.817257856
490.984182237
513.097734496
213.731255516
477.848347591
183.306838514
512.385148447
372.838273628
536.584161868
157.292120645
1076.65437917
129.619536581
419.213535539
439.947343825
702.412763596
478.990187267
1071.62209831
500.895524491
391.885337055
491.325709082
866.441745569
295.395316132
1680.888101
1300.58392851
977.684650932
1271.59298584
486.030448437
675.409518182
1158.92763922
488.079982045
1679.88574452
925.700427491
198.110173634
493.055571451
1229.43929824
497.317055493
567.312081123
561.176909613
844.020639785
374.979910152
394.540041462
539.386029454
349.326340449
480.325999687
875.642138045
1092.99781358
538.390526009
492.331333969
898.59916953
1552.73255823
1177.43408282
561.922561492
929.703646275
1053.50109862
675.886620737
504.574170664
701.339457159
519.997437269
620.960169967
506.641287108
548.847117598
598.355979263
399.158488752
495.230039082
665.998060616
1031.78424452
499.919554762
1113.53043498
845.827555634
671.626908223
451.426066739
704.435703275
511.818985916
1069.85655616
730.619319319
734.514158527
855.968212197
366.263402635
539.102774797
732.249533715
1094.32247245
1426.15819438
509.407366562
1249.77362548
391.725567569
721.116734647
1080.49141966
430.318599967
1115.74115184
415.606006987
516.133527253
707.845602795
488.917127492
222.010956065
893.105505637
374.461322382
1674.61695811
494.581194412
676.072181569
551.94428498
527.228966083
753.118248724
1473.36385871
1645.77092403
744.68671389
476.95179884
182.751997921
1405.23999923
412.471400624
1583.4880313
535.743986294
381.257965093
629.753535113
867.82590509
783.759941429
495.511270002
502.006409851
510.036214119
1720.85131585
882.994586267
1606.15936727
506.503698816
3260.50701772
470.977625631
472.084294908
519.560698276
1403.72315651
1332.25347137
462.146310943
502.077553841
2665.71337748
1959.34866051
1486.61218801
643.13975128
505.965476287
1193.18078488
800.1024239
1021.55298726
848.680567077
499.308302057
568.326842545
83.0787847389
1005.6047922
625.113800298
501.3029332
312.971499182
54.3627611354
900.623995197
458.962505882
1618.15458488
482.168842361
1111.35000084
1176.57029294
500.867996239
36.8406205428
1149.78696107
1518.436361
473.31151413
513.262886862
480.580372946
1027.97392275
910.189247269
651.280660103
481.540120096
3794.6525361
1633.3129876
491.395034631
563.993889954
716.204838424
945.458834531
532.077618636
1181.2555992
843.745743085
810.999543299
494.774359638
1018.18466797
1327.05645901
628.501649313
492.08352731
436.547087686
506.633748654
495.350858059
1386.25535906
530.099253573
532.681603221
402.61549358
513.321027126
486.673647672
499.529806109
320.704773123
479.255893225
2340.25881514
536.196464596
1451.98139253
515.390965142
2109.04639445
449.390279371
503.19140854
697.59004956
493.193217229
674.544148738
269.800418225
1145.49874043
1433.95020678
110.758049838
589.995125376
896.495443286
471.808216954
2700.60008941
779.006218578
485.528175914
497.449705875
342.3277488
513.257286286
182.114758569
668.683796837
505.888029733
507.212199523
795.273204581
515.595499309
1052.71443505
788.027773499
933.474637013
514.363733533
480.517837797
690.503947205
1175.67085905
361.325611758
707.104482057
521.403502811
458.429463411
304.201560914
504.320225431
1117.61635831
462.495243349
490.968326898
466.254369719
1299.28362943
961.548270244
1157.64247145
1044.96069114
328.319230628
467.835452793
869.40116326
739.190699928
1043.57202355
172.018044009
1773.0986567
140.415673472
143.403101317
661.902527087
491.888762857
529.16991192
637.632431082
185.977701299
651.876283353
815.696920743
505.792206395
501.480915062
363.498885834
363.026706132
328.206874049
487.579739704
415.412569031
915.112178498
207.079820006
1968.06084413
716.345273157
1702.71360116
899.746159408
1545.4072472
519.608623718
1275.83334877
535.842100231
430.415284159
433.479227123
621.229925629
369.023446642
186.886870166
461.756649314
129.611189731
217.845871917
125.668025334
500.429036149
1867.08582175
500.346370649
550.716933774
495.427027333
489.094238536
488.216313598
489.68416662
652.027822036
813.580852429
508.98616144
777.782745681
60.9670553216
503.79960597
828.637812378
526.460127801
259.116354961
189.750264058
173.29323216
491.014251167
839.532765339
521.82528728
1219.87517662
457.447987587
373.349080906
552.766893301
661.46241512
630.18329519
796.519895076
259.115040456
53.772164343
785.456262999
2203.89654082
504.986405218
592.371553599
502.1719016
1097.63529241
456.745040254
1361.4102401
1382.86446248
1110.1616986
117.615198113
393.164941769
570.307295272
486.011055102
518.275593418
1112.45343562
2335.38843179
981.848959401
837.411052788
491.195430846
818.135706764
262.146994328
1673.79418682
382.207701337
933.806305318
490.325808767
1191.09180418
685.480312671
969.089306055
523.444713323
816.552440775
751.891646383
567.908925695
1478.50715738
920.422045476
1123.32111354
452.938529856
1734.59935204
1379.94440295
501.306689951
2194.68755918
484.632910461
355.322573426
468.223792675
545.959738277
545.121674421
449.065233408
701.824138897
1278.61074048
518.844054874
314.069784369
586.721924163
484.512433179
492.893993775
461.831880128
503.841304482
843.791692578
966.261467218
369.362668592
1090.00730358
778.182099333
469.322349488
1040.96299876
1108.55820091
371.123975086
1226.73631789
472.151988586
733.867021415
429.71362601
1092.74866686
672.491971886
324.387701322
53.1191996291
635.931555497
500.659558015
490.992147203
705.647910476
2403.75430091
527.251712286
1365.52341166
810.837661947
501.653332597
422.36032019
534.689838065
491.96897974
491.447020286
1299.1195713
249.730648009
389.092326729
569.057654031
389.866309673
997.794767813
1270.55132265
747.553569466
1268.48271845
518.045136971
160.478146397
922.055111026
501.756349511
778.738411088
202.20046941
1131.77174184
1270.350602
1180.54350121
488.534202035
496.076423852
626.828963641
935.196038468
648.297647853
726.246248126
374.250301175
824.222415428
398.376413032
262.064344952
540.147630484
1083.42765149
518.575329392
398.580095588
504.349845312
531.258145166
494.988147985
508.784003438
1041.89793982
970.77411932
530.247015658
2064.3442418
984.917542523
934.384746409
471.123108912
662.045305261
522.80489431
458.046019551
469.930202242
534.895621554
475.471677453
979.105339218
274.455620234
710.946375649
490.367538553
1108.13166279
788.570747008
505.618839232
843.105310403
437.698857913
197.715774002
441.950194227
492.882524964
491.329731473
303.579174823
1553.70865751
475.055701723
834.364000104
1186.05227527
750.446450753
719.349148763
483.21072962
503.574436634
1654.51411685
495.913169747
701.265174928
520.074886739
414.783786315
1209.7178328
378.732860482
314.569138179
116.109581781
1007.98071245
450.363423843
490.407100909
354.758085693
1523.24383253
1066.90611266
473.63333231
479.623029933
1204.31014244
381.989257677
492.794180781
903.772313007
718.540941299
487.432097355
750.70442519
1011.48725251
506.632138145
468.060983568
401.128785598
470.426323395
502.851444632
516.23720603
318.604713946
1027.75807266
511.237591078
433.740430733
591.012387871
489.197116129
1046.36897698
464.894244943
533.986112352
497.675742273
1227.09355934
505.186380402
880.834707982
722.777806838
516.733804458
493.90397594
1467.03785631
1170.13814588
192.423428063
500.235024705
1696.77967206
2125.5286142
496.566667776
830.208500967
1539.54656659
711.542865114
606.11108246
2332.52428244
432.416746606
1055.08171433
579.327269618
516.341866559
520.682881435
964.356637809
116.928263486
914.880168719
2066.94237252
465.140828535
681.183250235
531.008456407
514.486751799
546.308834907
504.043664294
701.712133563
487.380998701
646.829595732
879.681514785
710.705280186
1397.88042931
558.475946874
617.670969423
507.398759938
1084.4255245
986.904875691
1532.71006969
514.235648299
793.581043044
502.115056173
2090.87065482
1007.61477007
935.41968853
203.874402609
1007.83063767
555.653524631
1386.34042017
477.380381301
502.116448952
767.97113891
490.131125543
481.966584489
927.7262622
359.385824209
301.088031517
524.976104461
81.1386623366
179.456429389
262.277280588
743.636904442
510.490227826
1129.88204706
502.033286992
522.564871909
376.191421305
790.598545517
202.346502704
968.362131345
176.948374947
1343.08354687
477.750135201
926.600138653
342.473324313
352.338049966
320.003306396
286.069821933
500.070254131
495.117103598
295.249407209
967.456775148
473.127528578
511.42540771
186.124022934
494.161843971
888.975718885
40.0794270206
664.514341203
1240.53647633
1434.60485171
514.594206549
405.238223541
825.322583396
604.558996079
860.098900469
487.050312725
508.437658155
608.005618376
901.697705644
1075.8533038
410.229984877
725.613571234
859.128520955
1007.08554124
354.379329001
1404.15186995
106.215671079
563.636057269
630.796530233
495.65370451
414.979611222
501.077064104
186.344549917
727.496779069
512.325841613
501.507795262
2084.1933987
584.541713722
873.408844798
568.436584699
633.166104499
837.11913487
512.394082562
713.075165486
455.265604862
210.474076168
464.873520825
109.41767339
735.887581529
439.563702496
554.251597529
506.030193777
946.960923752
496.987531352
596.463217708
508.25143773
677.722009668
508.135636235
1909.21978713
686.90079115
147.623275359
829.734550061
495.551292063
832.693220657
2411.35739108
1260.45004914
487.034956623
507.063938882
490.360256921
628.830979836
500.046870761
505.502109712
484.795496035
553.233101004
813.606922184
1227.4873808
1228.77817145
732.582998488
1275.47871434
543.266830714
542.268323074
1361.20904524
904.824714649
65.1276388162
169.128651652
491.452837419
469.588907813
451.317308984
791.87057584
437.100760957
496.840277272
1107.50312413
452.586603809
1299.88949533
1992.42429914
402.019832694
448.733197076
774.974069865
404.927767872
1089.95886502
1000.25010347
811.203439894
1117.7233314
505.40016433
1061.09294546
775.256888673
499.133788405
684.009026895
1031.1652887
215.002180691
179.474736425
486.864823888
446.80438466
312.884028524
1368.85939025
571.820787071
680.920866424
341.626399447
814.637075912
833.630687019
1133.72981585
1115.31182863
502.860255905
486.538652325
616.485499314
417.939383925
824.503222797
892.003988086
477.243683454
300.635762362
370.287001469
502.441929847
637.799315644
780.747067945
520.505131117
2031.72345054
1134.04214259
533.271241764
853.342049076
454.941874167
1443.79796267
476.199298008
957.94332249
512.682111577
792.041368225
796.690681061
549.651017742
178.388431017
516.858599168
527.262246041
207.246725209
493.17503331
487.850524232
723.559883481
789.545686449
1615.88581584
663.458113382
706.152954107
505.824288561
654.005635584
465.776281631
999.822775563
952.951864939
543.35237106
971.053477751
578.414491004
506.549042635
1634.16040637
857.231112847
652.781168359
501.529183531
1300.84761493
493.836543963
916.841479441
1296.43400589
551.487610773
487.470437969
207.400757124
531.044133631
1693.53275572
486.493984428
526.267702066
484.676553329
618.308554239
393.594984873
643.129372281
310.10311067
131.010416954
671.684139791
491.488043049
504.737604376
505.666717715
277.71399724
1585.58210304
762.755375144
459.19985953
960.301053506
981.629221207
540.516533789
619.622533399
480.485843071
457.677606965
492.68276258
1497.57354122
912.974475084
549.439179475
1133.88488417
888.252952235
393.619582482
1768.49943509
1373.37996449
504.11943833
413.816236695
523.896050064
697.202355847
497.839809504
807.922065816
1001.43962802
492.881110575
511.921563824
511.506999057
1003.40490079
668.158042755
728.65454781
1375.79030429
487.121429317
409.549659025
1310.94460609
958.732954721
492.762636216
477.823637969
1303.94411114
497.485877591
1283.30932767
584.290097093
437.83783766
409.735622259
121.25459682
265.401543128
1709.65723025
1136.02684524
508.234742799
506.432449101
198.272633904
63.9776205965
479.453396246
427.708203494
758.450215005
1620.09905504
646.97355353
1291.44618696
1025.82947821
1687.50137819
547.281896228
500.990926803
962.776353646
574.843690269
467.909251599
557.441296375
484.012350751
136.401390893
1328.46056772
495.591587948
142.139497386
490.65212756
504.73005928
477.692330326
485.746186816
483.361375072
1379.37471894
658.804826685
1604.59270839
263.521853316
459.976537902
1067.39503155
523.81987232
724.687853136
487.331334737
704.867759615
1495.77546277
502.640657278
730.134367695
539.35907053
1012.28110299
510.305218558
565.99044458
142.30405036
452.523205515
1907.53415241
807.269617513
2625.12122588
643.435575704
411.926019822
793.35393371
954.38583595
1072.57613539
604.704113834
638.763919341
966.443937434
467.383070972
388.439213639
529.042008001
488.124111799
1753.32705972
501.839843138
186.455786689
1205.34427796
1400.1985957
218.931075451
445.860774382
508.504293091
1434.15333371
862.901140231
427.609732299
548.604201018
486.418841413
497.347685329
1111.98368579
1418.64315702
445.979788767
1298.64466523
452.50477692
1464.98208288
512.337031584
1458.08376113
915.981038093
1240.09172431
812.186177547
939.647698284
250.785340978
967.053000879
485.308629956
1248.72959565
1249.79751291
542.447069962
1286.26741432
1220.60491782
1401.63249934
274.6739797
1342.21603867
659.866329742
502.119884933
236.462806825
619.27658927
550.920373638
485.115031098
653.297624803
1128.75753608
896.634019845
1804.06689704
2846.79413526
222.68535756
498.335377437
399.282227933
648.114206425
506.245258049
1375.95803899
2128.90524103
1477.31880393
494.361365671
1258.67236304
54.9553035311
612.712238828
469.313368167
519.582845374
486.785791486
473.958061857
445.223342904
600.146797142
356.945190374
483.830570188
2791.33025003
546.626227708
638.538731367
490.66653499
1105.35740628
553.359081147
311.308737827
481.760461392
709.378353996
2235.39137859
1285.41264241
767.222537402
487.652423823
499.70811973
507.312278563
436.743395584
1134.96962242
387.342866708
802.858528012
502.872601376
693.235662108
438.27982862
848.373381787
514.010556354
564.494304217
750.37128511
141.594036851
494.579632873
135.775358597
499.296509011
828.662444868
1145.24801264
890.650864208
632.843620833
476.04687335
449.504773473
665.251551027
924.033478742
493.813892427
295.3978368
515.466393906
149.802674952
996.008100341
167.274955195
506.963070551
646.907829991
1983.77166471
479.570974044
395.949578773
500.407605199
457.41352172
1485.00602148
661.300007796
727.942350905
735.919979813
518.796938093
124.449561813
652.944252282
585.562493138
391.100603863
1793.74573381
1086.27491242
173.938726673
819.66234899
348.065712112
176.410907655
496.452088466
795.937804925
648.672638885
1190.68408323
1033.86550793
1299.31244837
826.553960845
383.396873729
874.112075979
598.886208762
364.497101969
482.360444842
1250.93533479
498.314561183
482.773050211
510.853678245
115.778608071
525.686537335
508.520100339
594.301786222
479.721652043
524.600020858
978.6303354
1652.45715981
2651.78564402
870.454379037
1692.02403386
1255.00349683
499.571206961
480.913665649
1007.11323788
542.290671896
1586.09748597
1090.24875766
444.388657104
417.293395069
161.634862239
484.715864455
1340.16731459
515.95191343
657.814562207
913.132106977
898.773141805
887.172278804
136.087182941
678.00004232
479.855679515
439.026644803
492.099166792
468.092933102
780.074384146
949.673953502
456.631305382
1967.23164336
435.224834752
796.57933482
1170.26977164
766.993070314
494.823404701
496.355350143
370.577766718
537.825956786
2155.71312144
923.747661386
633.573953798
498.113705313
959.247536941
499.973372621
649.577217547
503.804943115
106.516384398
517.304076317
2203.19632288
133.613813251
380.268383025
676.858182806
1362.01130689
482.739682489
516.488213771
519.291802945
1646.64789973
1177.32461528
1482.87451835
750.17925263
757.751059703
497.046454559
1195.75441332
656.145200337
487.077355522
2277.18626361
507.736299055
821.012862727
510.033026659
516.085576763
410.699302586
856.628085379
831.182378948
1725.00729623
529.624415973
850.239217077
504.724028246
17.9678419322
254.142163989
380.932179897
865.532801816
516.080689174
588.031947977
615.571210111
1787.66845342
439.95356079
491.222142678
1250.90574887
1307.40036059
935.511198783
424.700749625
501.368161819
618.753503953
661.183148056
666.519888463
1086.50504776
421.841952351
521.71259752
482.18714864
486.040252409
520.398736052
654.207784575
480.057359926
604.334903479
407.263945393
515.50762022
460.799741011
494.318636011
1549.93097099
616.485209216
186.026170694
1509.69694651
350.736514301
1254.47303295
275.436625185
34.7083412026
944.61733478
778.057421198
185.312554365
954.621821749
418.54147666
1615.23594739
642.283482896
1502.48311944
800.848439593
591.303191499
659.771724645
1354.74702502
507.995591009
519.109837737
794.65373033
115.191447914
448.361538741
473.526475365
597.7005991
34.7571033724
681.006291943
55.756210695
488.915715683
504.500107792
335.260781283
130.762794313
496.405521913
1438.01257532
493.07078002
798.801686899
500.838210378
2452.98272759
599.560525101
498.075844861
596.589908225
485.562950829
720.332222546
1033.65301762
1128.70097723
596.002001691
573.496022694
842.395893072
496.312888332
752.417252847
1031.01527802
828.839575994
494.508314946
526.609561528
804.498604504
474.353830655
477.595966308
500.222190458
138.482219698
586.384493004
904.845248212
483.759697787
1095.80636563
497.506203846
1881.30840296
516.444320838
1625.58102521
1351.83520113
503.641415738
769.597340029
672.737593263
421.761791222
439.204163849
490.462018995
496.048926936
496.62604435
509.181500078
229.267596502
61.3054520049
542.670759935
482.005689778
2436.25815763
908.337774911
833.132609885
481.762508512
1319.40127429
493.21713631
987.25816482
1020.16913453
2247.6788816
616.560843654
1566.1245584
483.389533622
803.327067107
502.386309716
497.664749201
557.333005666
1055.57772939
711.892106804
2294.4578694
1958.05281702
525.789183653
498.764014968
782.449071064
417.703372978
441.809410617
586.741633176
599.73408908
483.642924727
541.566008314
499.092090044
1143.13052102
2122.30087718
1668.87656261
1323.23736108
649.816881849
503.73142541
940.685895233
511.470648007
601.54844498
732.081194301
482.391819237
458.175739408
1962.63770745
212.625150737
480.784024638
511.0110144
1947.40698488
549.948078708
555.592277245
728.620359285
1756.52233199
2173.58235871
544.688381717
1206.39355208
347.80383761
598.133122107
608.707959965
475.392074126
902.545483895
631.03011878
465.347612036
524.040273146
1130.99718271
440.907698129
633.350354805
993.531234393
227.349624131
781.966860677
788.810586831
825.640293398
1318.12563239
492.145159252
692.368792159
464.414198415
435.137963673
1072.20320591
505.785705608
1699.34856885
516.613010732
659.770351384
509.739976564
495.448222956
1266.0535612
323.563414043
500.979366656
1939.86886251
1333.25774454
643.577828836
489.556177114
85.0567583018
535.363460875
479.984451597
510.209280514
462.451833033
503.065153902
498.38891561
452.752839957
864.771091324
515.233255555
468.236050965
1196.90290637
426.037884336
444.872932171
607.496265522
611.644989593
494.449139528
98.7409248767
505.710573978
29.634472533
483.461657817
483.777238837
1159.87780828
1947.09261562
830.671669599
488.996774869
482.572132493
739.805030507
672.688953057
133.254448758
654.229819155
1786.5333147
381.610909434
569.305878707
759.312306915
447.202477105
628.461950682
847.784150602
1392.15506822
481.951951029
466.514427087
1627.53630613
630.432620226
492.054103842
167.501695866
457.849874597
480.876724996
436.938382194
1121.1210238
268.494958477
724.67944854
427.891411669
650.170579219
998.894061968
1140.55786816
500.681387681
755.875610279
1137.84064293
655.117260776
1165.74616229
2371.63560718
447.007742426
1343.50553452
559.318240732
116.417794021
1267.75047331
487.40022935
1875.37872346
747.247607984
499.481801787
164.083141922
1123.54253916
111.006010752
969.57455851
504.991327571
1209.73069799
766.41250871
415.013382715
874.128377532
827.914429116
488.097017883
897.243871165
2487.92510163
401.693702284
500.661697444
279.789245649
1579.06554112
1004.77819351
580.734357446
458.201479208
576.746566974
469.798042148
473.61123596
296.909347478
1148.81319016
1575.73343327
679.426547976
708.491873593
156.528680072
89.8018057176
751.878647595
178.618029487
936.500336288
525.177208675
624.352180323
3040.55695469
523.209718076
1191.28343925
2905.15871906
591.841424557
488.437844918
349.977489783
426.189425836
459.878268253
547.788837063
129.144544578
489.226683261
686.818399826
807.940377176
1234.56236066
499.143308044
821.074579172
1530.24455884
236.008356805
481.435344471
1748.09659284
1849.49047513
138.638588861
346.828609254
1036.70160631
652.159003421
506.555714263
501.017566258
1096.35253828
476.081767496
631.89815136
458.492268756
721.591006955
1449.03511482
74.4582551169
195.173184248
498.091046887
445.264379021
499.599217943
483.570693017
1120.88520352
804.944578388
2074.15593281
544.162107231
487.104654145
586.865548329
592.009819225
773.430051906
1002.64364351
470.104624132
360.676397385
482.170455449
1681.6505033
385.038535328
1689.46704764
169.010772119
512.762260536
1230.00976615
583.501396842
499.067264041
906.175811681
879.713872785
515.410010965
2061.24968169
38.628382184
801.391117112
749.514971085
568.569978745
1301.51495471
456.156226969
610.044805071
183.254148713
449.064362925
510.407071604
1820.78420278
464.751065393
791.601322398
565.009304401
504.14558147
582.913384196
1342.94135303
508.519842626
509.953820101
507.254850469
646.185425912
280.117397936
591.35458818
1379.68711686
492.904652443
468.067589799
781.259251923
498.320216616
461.492513022
567.245304527
1028.6177061
440.514013085
879.387422163
1236.59329014
926.83014507
502.582384697
701.115287768
1349.01263646
406.192358939
322.798559299
523.938536347
499.693475728
792.180607437
1244.74014057
1151.79511676
529.22792735
1574.99122742
501.609703017
1969.39646628
513.067262181
283.404611231
700.750116744
503.769987969
455.158498023
471.7573645
1921.49535108
109.698347391
457.103091458
1210.39052573
1533.9243648
506.961798593
306.000440163
486.978580074
909.367332806
722.89031032
501.366590142
248.707686099
489.272855531
1505.21946117
630.73444796
1269.29955199
1397.83119739
407.460711341
716.655172314
718.642897178
505.884202088
1239.12247461
494.633428241
367.021002104
481.830311513
1011.25641003
423.011904176
352.780802765
521.535751106
1067.06098243
523.699939324
517.545531153
482.504248903
1181.16631063
124.437054589
484.439325671
498.462516154
484.586667595
906.376798865
1099.45236503
708.633052918
535.644770319
539.433117131
958.080166468
556.753380979
1158.17727115
254.067178627
326.903994185
503.595987854
646.339074091
1357.84448581
1164.35409071
354.229583947
1520.69552469
502.908086301
497.009238859
1059.18130175
129.499269803
1175.43136213
495.824567865
478.173811657
514.131859412
1099.09099913
395.115470798
460.920182402
502.635595499
462.79741283
462.624326082
665.04686514
898.870458337
483.182571874
1520.97748905
503.516930678
501.334894506
1368.47189272
485.55322175
803.527919467
837.426075864
1253.75924183
2467.13897411
1008.10151494
685.642147601
506.493864041
561.803277998
507.376972683
428.652139144
1283.1916119
1211.84838041
519.817738865
2211.05829412
285.593329151
437.752022564
565.669635306
1258.79810212
490.237633142
612.225338265
477.863467719
461.637132174
521.590373797
402.623387466
459.185439544
1053.29291648
590.185852057
1499.50087167
448.147184587
469.284499685
959.208819951
827.008691409
421.939653631
497.381206034
249.066043069
37.4308636633
498.260554429
790.846975283
641.626848539
1767.47339433
864.766842476
513.133386104
1748.33310743
368.726466457
1546.62625063
404.691056078
496.643028957
493.285367483
744.411237332
494.695254205
936.778690276
122.451169778
479.81603646
441.181813677
1524.35119196
407.132880152
448.298689638
1427.69500128
898.27983053
1155.39375065
478.515730533
676.312408408
316.027832669
1612.1309413
1868.27310231
1216.16293989
1351.55527728
1013.87053294
1004.90583139
665.610554978
1057.71665602
253.87053749
2010.50695202
666.458169469
801.42815029
807.71081312
923.0633094
505.631661978
785.40299878
737.167349014
378.950347175
932.776597888
700.330935663
500.515001753
805.777898749
464.52985447
662.451589503
877.651015995
477.610680721
945.137081663
219.240696793
69.5707035347
697.419658797
519.291944163
911.608571073
512.832499444
93.7575054348
585.866947946
470.064835726
461.038080483
2184.67184191
480.948697298
791.127494808
513.388580265
468.29861314
768.918180926
432.619970306
745.005504109
867.369250164
1064.8184693
404.814953275
456.852848442
681.054395105
907.927109738
178.428484768
522.367278855
634.848782639
467.915493319
493.245271877
497.543648447
1061.58766928
1216.7609905
2163.1766782
1189.45927702
508.069627682
536.740837286
1172.73796351
677.01000997
1030.78297266
965.463021011
645.117729007
1058.57588047
456.616193308
2676.13488293
487.128609467
496.767338836
661.815956852
490.638741143
1857.97511594
432.990874678
787.192021956
1063.66901994
401.846117045
411.415896789
491.956318843
537.645659986
13.6868584537
972.307766792
506.466207679
533.554422809
1384.59140428
1520.05206395
171.281994081
1262.20411034
1184.0461468
326.10831557
1018.41823555
587.260873694
463.554336795
611.734574919
787.975835309
518.520297281
236.133723051
1043.27628457
445.225119297
625.234238736
775.754703793
66.1222370615
876.075697104
497.909621599
246.04852725
1503.45955198
1276.25130044
626.693040324
495.500236339
2129.39643304
658.49919623
1515.18718352
1947.13714508
275.670409637
533.712275432
482.500178161
1184.98799822
696.518485842
489.362943753
933.650966825
423.321916643
507.230318083
155.637711807
737.200448239
774.549759977
381.720650842
1087.97123609
207.238448516
1092.41849824
601.958428185
461.175595828
833.096052756
481.12428413
1731.77365133
475.569720291
1067.48737116
465.20244281
1960.51669905
516.163388042
417.562898565
613.532833456
574.447083937
810.552703034
427.038769015
453.455956148
498.07373603
708.281101209
162.234820534
803.973274524
394.785775501
832.225958141
480.360178736
2701.36849772
512.984267596
512.912840041
490.149164777
479.693300694
1391.67883448
1046.33463192
494.442876836
751.056628347
780.391523661
45.3427488452
151.007990912
445.490849817
1052.53359936
731.882258031
493.457051001
667.766727825
516.971545469
407.033529916
499.807788218
516.822351602
481.951298297
405.108730009
480.634264021
507.629277688
707.751549677
311.653581422
450.360995246
387.054594031
1031.29281966
414.922234466
1387.92204912
838.790207199
463.180081837
500.095351456
551.588380487
426.72256797
490.584969335
479.110855349
1293.54798459
944.106307308
1892.19172946
521.491253499
698.663106643
555.907340949
593.612830116
669.874589947
495.188519807
706.079627469
522.953554361
412.269818434
314.389527049
488.402688489
3180.18813312
1516.27459484
736.951081777
845.043865348
1524.66281066
560.588851652
369.544061838
1067.95833868
749.118962978
1115.02688692
761.034167397
258.523820515
1739.73789299
564.228475613
1162.98510315
312.725353673
639.667392164
1129.89035676
145.015291644
489.444011043
859.312927143
1226.57563492
1401.37741112
125.038809699
2408.34692152
504.783095525
472.843878757
1472.8338201
1168.98546815
125.238232649
1347.21097333
1000.36546356
512.296825799
1687.25498938
863.871390739
575.955116009
501.872925445
164.651122812
146.46050643
638.153754303
517.004166663
1002.36521579
562.336822599
161.958162489
170.794198058
1245.34482775
493.6574116
572.752960759
441.718664127
1892.80814366
510.622025298
442.236460932
2051.33427606
749.24847136
1073.88403153
369.083926436
533.727335312
689.546914556
168.132896109
476.197271569
793.154837392
384.949634131
483.164737724
460.084787
1342.56430924
368.017506977
368.843132692
660.601453261
1108.3915414
509.627373774
467.833259542
989.275165096
836.081648105
553.07378943
616.026242081
873.512355212
629.786784386
519.882551893
243.826722171
486.968941756
540.21049983
237.876116528
530.296061665
487.86735272
494.956007843
496.797131385
269.115378363
1469.82439858
749.531564561
469.11426617
1031.18723545
130.928603186
513.524320417
138.386208726
647.018040125
399.607948498
510.168002713
517.733933874
145.743049848
280.00843612
432.118769176
594.068013438
933.408233836
451.97857033
910.366493596
1432.80117915
804.076242984
2260.72017747
654.239845398
1353.36800808
257.485518414
392.397997959
412.021660986
503.496479611
998.435666972
692.449176945
285.277135231
655.083789983
779.618922011
156.442954481
419.485771039
832.263988708
497.78991746
835.402349214
475.528772811
1220.77613177
530.118235288
1321.08331453
495.355045834
2018.24367961
515.4787485
565.661438016
1035.24026241
667.348512939
791.977131492
380.782032355
229.477383742
478.441906382
499.402278273
511.135759096
496.240534076
685.607767549
2399.21927429
513.288892609
1343.6667074
498.093070667
700.049912819
884.49852996
509.719914792
489.543918257
326.790241923
621.946646437
1104.99068842
501.593136288
1336.01109412
1894.28832314
504.950786732
798.831610589
479.911193352
510.433423335
490.517277595
98.5645409153
515.917403708
205.998285942
529.033137523
505.6129147
530.844849477
1115.24951488
651.622074755
539.981780127
479.467296408
2016.70979202
643.408582501
766.114531603
482.93000251
556.381221037
716.299178967
304.293398948
557.506448946
2453.63839582
492.199488901
141.209049567
703.497005741
89.3919276719
465.93808159
1901.84608721
464.188326599
484.289916009
444.62031627
1070.59711413
477.192297543
481.214372753
640.646966523
785.160703001
790.023792184
505.231805174
570.177545543
127.998616418
897.124775478
507.982245023
717.454368657
516.516120308
157.456617921
724.882030915
960.067382858
708.415473079
83.3369982547
798.710518228
165.26501273
515.267580328
652.564520057
697.344796048
421.997281151
406.181818788
368.212671886
926.813556181
512.316467685
1006.12931624
364.964054872
590.79429677
943.695874251
466.39763877
1065.11989241
22.3288432075
1429.95201596
508.678850256
489.584926767
606.83264552
481.919846785
513.330090469
943.614434281
485.544824898
123.332030152
157.005092277
435.155582287
507.739261361
417.29488152
671.49913216
1490.5931212
723.705580212
357.069910415
630.391214767
595.327148091
491.273031847
490.007998385
500.144994712
449.998760593
788.529965159
461.696666422
278.223966152
116.62514027
833.627177711
894.289603202
198.303518859
329.207306059
377.983445476
520.234109625
957.340046341
452.331191797
495.19098922
523.617040095
214.773099339
797.165060478
480.472326016
1179.31898402
685.652342265
687.529389188
549.560558636
1043.76413268
654.848760185
609.241274884
516.077268135
93.1097539549
750.968307024
529.305203976
513.495865467
1160.36567036
1834.98160005
933.815040587
1247.40802803
857.338230214
1420.20361552
777.214000764
434.861784849
463.286441218
620.456798469
420.460229736
520.755150198
689.678248719
1119.80839596
456.406627339
1084.96654102
351.93597613
520.768826232
512.621458151
32.6679577548
1152.04718497
533.98338108
526.070316253
1178.14947588
420.2251593
522.717280321
481.786396479
609.356204289
1090.764968
576.725383026
1415.44096832
468.862367756
160.79825066
556.74144232
1186.307044
552.629287223
534.766465193
397.505094265
1077.55989393
506.983504852
498.49826585
96.3292820195
503.853092586
512.78066577
589.241676383
2972.6214735
492.194736669
2074.79403969
2548.26481002
910.565765211
471.787693394
1008.66364216
376.742873245
594.153608717
498.356551638
868.596219024
395.910373452
475.558089713
512.619279688
2377.4841276
489.520899535
1324.89278391
511.845599843
500.837549089
496.262346229
1755.43449415
275.605340805
518.488946451
500.311187133
541.909485178
715.843900121
937.56327091
648.930578263
533.781584651
576.903527089
592.014758598
510.476669436
407.231200844
511.825100105
686.53180177
488.780356916
1114.73952586
634.750997423
693.302149838
1067.68910801
367.325422852
1375.5149997
659.147076511
496.089412843
599.885334677
930.910295345
525.61545255
575.861379839
508.838952362
492.771055238
2312.56456232
841.216089955
952.461352278
1719.19716948
2391.01319577
467.260788283
1199.32158626
2008.85491921
449.153179008
505.497415755
34.2494886137
1596.25595725
1747.14300637
944.408212109
1179.79259787
191.136578233
516.918042617
458.756417747
674.998533845
525.841562617
988.857049978
508.779281428
1545.82733498
480.242347628
475.293220074
906.869402474
1106.07621033
502.187220159
877.320982479
534.921468947
511.929739603
765.282371194
463.959328433
488.221103803
696.049526056
847.986995222
625.587429012
1099.3118375
488.453388045
140.640992808
488.738872484
587.005140399
510.595264919
890.45933591
697.991752735
977.921590106
520.419616231
877.474006858
505.171900261
894.899395485
439.912146054
525.397244806
502.714252793
447.467175248
844.671000782
484.798996722
1638.90311534
1246.30301422
1242.84504408
783.361761958
507.637927848
424.326731255
526.28463885
1230.24479997
485.300244111
521.016311023
463.971671113
1030.22890513
1991.79519246
466.742953517
860.675908628
1262.63830455
546.688287771
393.336445421
632.581664147
488.488826774
955.031642944
680.636199425
628.693465855
1182.11259079
524.072967903
683.24419637
1121.92710038
495.880022509
134.998278587
2008.4592601
538.869276868
713.505711322
494.933711125
721.505874227
541.145807316
1057.62060198
431.202517477
485.104252143
792.19526244
593.322732463
585.132349709
498.842205035
642.420552933
1209.4144991
629.651673025
340.102236695
111.547357844
556.011080118
240.84514453
495.052580869
485.95511785
157.636616534
563.577924195
416.801538455
1058.74960333
947.703681163
306.426851951
1649.62887094
223.067033657
688.23781961
502.112138145
402.83319048
839.954379007
62.8818629383
523.009639304
542.971392156
444.351642002
1788.57241334
565.180628562
459.322573213
322.962043351
530.716318004
702.357161107
934.836309781
453.777691704
1162.4133981
533.169141589
616.931398655
394.447772013
610.485529901
768.049560792
514.861869496
497.189866547
489.076802618
780.945974868
629.162588733
1158.44784627
514.928088719
680.280852619
517.967918781
526.512848434
911.727342872
526.90113426
635.773917971
912.412535258
508.42143907
509.175470448
471.99537867
1207.96750379
1342.4189413
393.910654163
498.748538456
898.078134755
619.104442549
1014.066451
375.881114384
544.961128819
1006.62428305
486.736023842
762.669954937
1834.87868437
801.900364154
778.223948205
1198.19880314
689.169100291
506.732665956
1735.70566463
785.878924396
486.006107492
753.184063823
279.579029786
770.352664982
752.66488262
893.632033719
166.65761196
447.363765808
503.547772369
820.60033295
1226.09260966
636.159760396
473.591126006
496.103321816
703.129926692
1040.60352234
441.073131522
125.26875518
520.617592694
499.019353322
945.959825068
453.583789822
701.834747275
614.950244457
558.702524919
130.265428161
1055.51277918
431.977594238
1142.73204348
736.601656654
618.371914766
899.939681555
1325.63784089
627.226564264
476.445556822
898.470635316
493.024672299
375.111884521
424.841934471
413.945154209
2220.56557139
439.63626797
349.686393565
945.402821881
279.979262325
489.79017382
473.791943944
491.672905964
1330.4070161
139.469700828
491.733165682
486.542945482
389.278685019
782.150965034
2244.43839804
517.052185773
106.19370559
1450.15688262
965.910052874
516.164236729
823.209151961
445.541505018
499.571526066
421.640669744
876.247531342
1186.70372899
500.093490432
894.911109983
498.919117309
394.447376021
1016.06548309
839.790205058
466.853834341
1550.48806411
1050.23518264
611.895155714
905.427191427
1002.42183222
1872.08921125
202.83512348
1059.63114647
476.321257006
1227.25079847
481.628006277
760.255414894
737.485140267
506.541951549
132.687391792
925.835674143
523.715230685
434.240786377
968.073890867
509.380548518
596.916905831
781.088468895
1448.850885
113.72014703
25.6094434481
476.805143895
651.880936082
503.973105969
513.711772369
127.641745712
1236.25287282
461.319221353
754.49123632
1475.39608466
470.722456479
338.576262351
480.773308831
509.291354311
492.215219302
1928.68506666
821.728517446
776.034331848
226.318213905
486.434403449
548.778694035
536.351986871
776.668680367
487.365224724
531.226943335
1533.06055742
1323.67444525
548.20835031
1480.30134316
873.222101667
748.603759825
485.186555642
529.27203364
1690.54612704
821.293786994
808.302308908
2079.92071728
648.316360451
716.993958324
824.668748595
512.102583685
505.165310048
475.207203758
468.354602512
414.62875755
444.663170141
376.19860575
67.1466288174
1184.8612892
778.183598023
573.796716494
1064.60069489
1487.99669168
863.92266297
505.395908323
1269.39648645
520.775081371
308.995910877
354.602363293
983.591630764
306.173050565
493.64115748
591.119484682
493.440084429
531.95354368
382.964486365
936.450846003
1218.08911849
624.084423248
495.015894078
1092.0362746
1705.709893
497.800823836
671.971813933
343.373330514
1337.03771738
619.95448756
500.481647312
470.014425308
493.638271298
808.801781026
1171.67997164
688.765300887
546.994703571
480.85227019
538.97795125
903.86675582
468.8879218
316.327989043
820.078658124
626.687639287
336.960996149
521.435571118
222.259898202
830.685852914
516.087824197
114.574928902
496.220064772
505.058100912
962.876340035
187.330377612
427.1093397
501.08247524
1044.81797054
923.87223897
507.824192646
467.265860489
511.712600044
484.025640225
671.152808731
659.633118382
907.066973551
632.783295894
244.291845966
1052.460336
3127.40417421
1177.31617021
1394.0193182
141.212973915
878.249664913
305.524904319
875.298252053
454.804707572
1080.89408261
1117.68561719
549.89590412
272.363507104
982.693144979
640.241737871
718.188715104
899.955020615
1075.47444937
1917.07177273
2366.57921608
180.388455965
722.010838321
162.989377963
1697.40886199
1617.14136676
413.521925885
629.341297899
432.768979012
508.2032179
665.741501978
588.409780971
524.662718755
491.718768658
329.348761445
566.74354804
684.716663043
2349.01599553
436.534735842
4250.83068936
443.81393856
512.339824762
1005.2585077
346.980790442
548.099067345
561.611307239
736.306443434
1045.47366466
1327.61861688
626.471553156
891.252950783
701.172041817
510.789494971
488.799348992
713.346683811
521.124146724
1844.49014289
625.523446845
510.607874982
49.0855352391
485.144881274
131.63827164
504.088739348
528.178279251
503.125674751
696.107839738
510.700911612
507.907549447
911.465460808
516.460554492
521.329424731
82.6004041534
636.001447225
1101.19654139
492.924185824
491.186537473
1412.01473896
1058.21575397
610.804607542
464.872313666
509.269243534
190.285655197
490.224059243
452.733425754
490.737771864
608.422157931
1169.46305141
670.837828887
687.503467229
803.474559402
516.20548269
528.782935297
80.0729277605
313.32300188
1259.87488278
1692.61270113
491.906075336
1603.23286958
511.296129208
501.783964646
264.37152494
1710.10758533
463.020693372
744.698214769
887.647872057
1468.0357205
1018.09134993
614.467594649
494.352708939
1249.60618487
619.251997242
766.089687107
1255.27193069
1160.49805355
744.823283074
526.220027531
556.267331542
407.088059034
1048.26312758
510.198014161
385.48858657
86.2594544737
525.549491771
1073.72058186
1462.31658749
351.767381922
635.659216455
512.203454353
1382.07209749
517.946424758
507.825989625
978.135123463
210.229321281
286.752078692
605.608292097
705.479489627
1620.391201
500.021593412
475.381306764
512.469437112
473.274127495
510.15901496
689.862509529
116.987511007
734.406163397
1141.65957168
507.03422805
191.964897305
438.079426151
216.746454057
682.489778383
830.313566965
514.323198833
653.622814701
514.339133168
821.349648046
985.699818539
988.48809886
348.455648581
515.795093225
478.510510786
638.36686307
672.902256975
680.198051971
1376.22879171
389.956926272
516.639439771
414.173898961
104.108191593
506.483203554
1995.91730554
48.5307973619
2329.53651758
1741.45346159
553.211258604
1652.03390856
460.218314926
500.796709579
495.599303735
844.899269027
490.394240681
614.5979178
1098.90364739
810.698648834
66.7360518626
670.400609028
619.163646036
499.978625361
501.199946836
1185.4297591
468.849398484
829.2264734
511.645243163
772.577875681
1057.89218164
924.569137796
496.260013293
638.189538038
806.147372029
1313.2966286
499.835878981
1339.22565135
470.948062504
717.826175706
291.566232273
471.627418401
508.881682846
516.911520895
159.826731575
699.604326138
513.071328358
487.842362923
1292.6894786
1368.89266263
1643.61631582
1754.6148985
404.251540131
1723.10441411
1109.55661322
2064.10823458
496.973132688
488.296536068
1003.60114396
428.079355948
462.287629878
750.794853749
425.568993284
42.8928997409
887.545658397
1910.20286259
509.548215888
566.116561984
510.225505153
911.445156974
1603.84365454
1201.29834306
476.056826394
1003.00326264
485.703516349
647.658429374
655.866982257
487.084228374
413.196171771
1043.22283221
1300.50980445
470.93417917
1141.38304509
1824.36067323
1164.03886053
486.879072737
480.630499023
975.943998768
626.872471737
2139.72860919
903.250200068
504.517038815
446.23116234
351.312441723
498.853300886
547.048744972
494.218997112
686.988035916
100.176380701
48.6378621104
798.65882024
783.594005669
575.884786243
481.608939397
803.408553093
1518.6958041
121.170634226
482.782598422
493.007563431
416.966343591
493.378305999
1500.32318774
957.283881927
474.693334045
1787.90164071
134.099227891
304.633350666
495.612940733
462.534674208
131.963226627
120.864653756
497.036261009
492.526294279
479.435426358
683.816457439
441.52185206
225.771865331
498.157390111
393.100650344
1276.47430386
866.965280204
1101.18184473
474.947878079
822.765723273
917.954466334
1080.09935288
121.146056994
525.156855131
615.409062696
817.22975288
504.644872473
1244.31427252
483.192878214
507.778992536
917.628701077
488.796830653
354.93486659
511.392711594
673.537375595
12.3290691502
1596.42182894
1115.3635167
454.316692852
1392.3874394
1120.16656066
1703.25938892
429.840744913
501.490491274
470.041528566
728.664409968
501.967512038
897.311363852
172.434390296
947.049220897
529.90012306
134.283200027
1467.50765634
1085.1675595
1049.27488672
530.604924434
626.972630355
504.166819237
497.931688357
484.05929874
1353.83397501
556.462792039
1651.7003978
161.080597819
331.09846226
83.2649766086
1042.52296144
519.770933568
508.254862979
1321.64683118
490.636296808
470.830190605
872.44580021
574.971255368
743.432468186
448.381939111
1666.55864323
950.51907662
514.888733818
513.191713723
492.336968144
44.7658413719
195.305455709
469.022333266
1331.65735926
490.231631503
460.917669682
1042.70235867
501.991392635
1205.57279747
638.098934661
362.018830801
1939.92040785
838.140891474
493.238036007
1271.74746029
1627.07786168
466.084206871
697.53552956
425.957815357
1273.80629199
861.146036133
179.658581326
250.072253286
702.906988341
465.700167417
721.826222069
1767.79608558
647.732501814
1814.32787566
418.433292381
1002.58801853
152.069432103
506.428159873
351.315222347
492.249294605
716.306513572
2069.93687446
459.167027748
500.370238665
845.626678967
516.145017579
931.548998087
817.698606723
1400.23852568
1429.73712296
1021.94936514
449.169055403
221.826516682
1357.21786107
1941.49614497
949.131489456
493.460509251
444.818561181
516.939564972
125.470290978
1766.50805373
270.569556034
517.814167741
490.420967355
625.74739978
2180.50668896
503.043959513
1285.84888508
1241.07068753
497.381745976
1755.24832511
391.402468166
508.817785044
538.21218381
879.195637228
622.496469588
502.331575618
501.628089186
1.21667469343
388.258781118
581.045866559
785.475355368
645.679311276
372.63904344
1499.89881482
590.487803769
1464.50938195
499.628127365
497.629511844
920.182928663
239.396012923
1136.84326419
628.880430294
387.373465473
384.084792697
133.544703198
498.254729978
877.539315892
465.540804904
1323.20299914
67.434658832
995.159698574
1367.6285606
969.77026542
1039.25217856
500.930828062
508.490500559
894.139050015
460.870654809
1008.16649705
762.588767721
988.868496601
493.891488255
899.173379196
964.139114823
481.606446616
503.907895072
770.740043628
491.055398364
911.788277311
513.629085299
454.74152258
491.434584559
2648.76356035
515.613070447
75.7155506392
834.901108993
323.862012074
844.604173788
541.267048167
1435.40245481
345.517838101
606.351812258
410.598036982
440.122954138
489.837692377
561.345224217
704.952654597
498.424404509
500.208881121
1694.1925458
577.530000133
504.560796328
509.920667883
748.963104786
497.895000573
525.431288716
472.025293622
515.513715185
753.579074322
352.308251173
587.371656676
1648.04627354
499.972555371
651.478020288
469.098111693
484.635290694
771.931951205
905.753721371
1527.38867003
515.351150803
451.555813116
729.98518141
1626.52497569
495.303690404
1135.75862253
491.70818308
1143.64913553
122.848925367
482.685858712
553.192020275
691.500054119
713.223837748
452.820040606
444.572331431
844.746437341
501.204695489
528.610234043
424.07966902
1841.81895362
744.471842468
889.983338405
1622.63457651
449.927908037
590.44749197
499.754965333
968.029192906
652.580309834
512.383520021
1338.01610827
210.289609068
81.5844787571
768.896602885
887.680267802
254.086028245
637.437715852
503.753985553
534.581241112
409.803626317
1117.23295069
508.940323191
440.593010452
493.317895849
493.697070956
493.428578212
487.768046042
397.733470184
2366.77487548
475.722227008
1214.11102258
759.782815958
914.955634948
472.544286329
807.559322908
502.228408426
520.744592197
521.390632869
746.635703789
1599.86890682
942.806760804
1038.67429638
414.715541819
468.277564559
524.176760557
442.968387683
411.34709447
450.249048616
496.793442007
1418.63899008
779.353113242
55.8444731185
1404.75184954
2195.12876651
492.089370093
787.666253016
540.10267672
1385.65531354
141.694570963
317.998423212
269.952252566
926.779105107
801.282226657
665.061172147
544.904845184
498.504770375
624.479507667
769.544035446
1240.59495083
149.343589326
830.319634233
504.47746283
486.366109222
1182.83964786
503.973192863
1973.62892815
785.007930414
727.744886788
117.184185824
520.550979913
483.794544424
2337.67525599
1564.68612148
988.006928322
95.4527161148
1144.22840593
754.551852733
405.290122577
283.149329106
490.582770536
486.936958824
495.253603945
195.807162115
2204.9812354
1816.24797393
2375.48796983
593.884477997
418.758025483
477.463581858
145.167343929
436.997093835
637.882031444
498.568495919
1280.02544013
794.806269774
525.308348383
789.865729619
474.026013925
497.642368695
1275.96418243
315.807061349
466.552871494
559.50177686
677.274468044
499.174348569
398.138838106
522.545371646
535.274479187
384.82438045
418.543806281
486.993573795
489.159546503
2784.2557496
850.557898688
730.066793103
525.72024532
1133.84065928
517.456430305
620.85659408
311.203904984
510.230306592
492.124346642
218.957265666
609.488590921
1652.97141683
412.716028268
1579.83778593
960.478738162
516.56975717
1344.22176089
483.983449079
308.396568845
884.41206563
496.81865657
804.564277193
495.395835869
466.886871322
754.421867414
915.005845599
1273.47572278
541.052200547
912.153146349
468.420484449
1226.94000077
1024.0830604
525.481744921
477.390285811
224.864031417
722.518006792
1107.40507124
154.546648219
1374.72910225
504.31140233
1311.06951062
500.81188881
927.003551019
164.012423312
470.589575763
489.416244115
110.77844138
1101.34853317
512.051274452
342.938148905
487.889060124
834.14125202
1114.56335856
479.109490824
656.578843238
282.877457541
548.944290883
1647.21637409
2329.48033234
1080.19357696
194.842194931
481.419121068
709.909602657
1828.56256656
1104.37772813
508.73024909
1054.38514233
892.886566813
103.627264408
460.769281717
1759.86925497
966.092069219
158.978613854
1731.66124798
627.703172579
526.593832598
491.339018075
506.595664542
448.088207109
152.953125256
451.335534615
583.319898463
494.038667993
1161.2849316
361.834372669
493.850442907
519.947099326
811.936568056
501.186704037
1278.0675175
485.440515416
1325.33510753
2494.59845735
629.302282311
1457.62290489
299.423977387
535.719951657
437.16696109
461.152981994
1948.26271977
1042.19763591
406.630267406
500.272983692
1219.59515762
829.490379602
1253.79029082
2390.24664406
454.050328399
546.122772011
493.56256452
1163.94512405
425.638373724
1555.88528987
463.797392882
349.517641951
462.438725674
650.428568664
1740.93843634
644.27408748
689.208345282
135.897724745
470.986751795
1244.82214532
1120.05027271
1260.86678014
61.7349581792
119.195173624
511.535397338
1004.3915872
741.866819707
669.852530679
1026.65833053
2682.80666342
1348.83231299
763.162806421
782.038202723
467.573268796
1992.86555731
508.44702419
1053.373242
752.690715629
501.78040316
724.582673581
379.986029431
1124.77244911
504.858199293
494.236104659
492.691473005
1532.86676781
87.8977173611
664.96057432
728.438122022
620.268070008
412.425936369
1270.05831587
490.147399489
1407.47261786
2840.19882919
1036.26414134
884.460135729
487.170548051
1672.51506216
2715.79187595
470.255942814
503.93536453
526.229611726
1179.15074765
424.991640011
500.323004832
1100.22341517
1978.40844108
681.902919082
502.194744814
660.576724984
2228.06669338
500.386792058
789.063449834
84.3754116095
824.462238802
501.365820905
103.143220538
715.818962026
1497.06467144
534.043721912
483.728692386
393.784907858
492.479482741
177.560082768
470.259119573
828.795333667
345.899736452
1129.93020571
478.50409341
557.190521646
316.542931479
1137.34783549
1127.88480839
912.924867128
286.502012088
718.026932947
66.2751733699
485.224711266
513.965234331
330.640430296
587.455456814
1540.81402524
489.057853216
996.803022337
441.900490084
400.186626788
1030.88956404
596.829836662
498.126924316
537.087306582
872.31816515
505.622947526
189.179944896
889.492757541
65.1234901289
589.32303353
1908.72853551
2360.57264517
511.791322558
525.248176633
741.382020403
540.459277437
493.660023335
470.270979697
1445.01730685
824.376715132
1765.88550299
1187.3985131
421.547443123
137.183993476
504.85312614
273.296849035
649.3004721
594.043681242
670.410052219
516.19131023
497.386242725
485.704452847
510.757570266
404.979612996
1791.38804702
466.43420558
489.458744288
491.283520827
420.133460903
1036.84246678
500.807316243
523.732226008
742.553531487
831.75880374
476.266630132
498.062762142
864.481835922
444.553356636
1099.6917157
1695.34083218
527.372536111
498.890512279
775.434186115
1177.33391318
1024.10098932
650.120780584
1092.50761033
498.281654648
532.24200401
905.431159089
534.029867016
482.900940739
511.223512422
591.791558355
495.9975966
476.296415552
2340.43168062
135.007054205
416.567759785
1495.25439455
1216.27424761
844.421474032
509.087143868
512.942811994
1433.03012276
2431.46904697
1452.39677597
3739.83103206
425.473642798
422.774571597
486.554105077
455.945496401
1934.89055087
149.551599835
524.404968285
434.796474076
373.9705852
620.254740748
812.906854941
513.606524963
507.507939119
640.566148301
507.455271085
516.152610781
80.9464909948
459.834895256
459.204285779
488.432697986
529.734640415
986.613326979
674.700773314
481.018866469
1102.83078671
488.631519911
463.813595439
495.351291003
504.714705209
523.424360156
533.347407052
2320.85440765
391.089869704
140.426952089
938.752511093
1086.89717618
1166.69733009
884.158716935
772.242382146
1240.39931977
490.152634511
501.087279938
500.335277185
2140.73677404
492.380227501
496.038181313
479.084134135
1576.06045403
372.51964912
998.583262728
674.500576703
1282.29346811
773.794925954
446.554825437
495.016991144
227.747297087
572.728993216
689.824085486
471.389076411
1074.25464886
626.182311022
875.615636537
1185.15064709
756.07097408
494.901046932
342.071388489
551.182627985
1599.53852494
2592.27704292
77.1343562366
791.938865645
499.374849442
495.372650734
593.217142504
1208.23566625
509.543968876
512.000884091
425.51120495
268.152128584
479.265862519
2325.27559673
1134.25010376
507.969160245
168.717622308
1347.14142728
1469.08440691
942.661480556
563.678017913
1328.9925144
1038.57246996
528.890342182
508.035662334
1261.14934105
1051.90397206
1343.90052291
987.963130033
924.337137687
472.295832961
637.918193111
489.364306253
1038.43578045
850.32307455
729.807216646
445.134235485
1125.07538385
1008.87224248
674.346221436
486.985330839
843.759789741
511.826913144
481.980435787
500.40078154
2742.75815601
973.322233323
196.896812071
862.417275837
496.718304736
2217.79968673
594.991600654
1397.47820848
1076.61678393
1099.17405061
449.755528925
1158.55859917
495.913518951
718.028643139
672.418871632
613.854559117
1176.28585296
335.211478767
1335.89542628
506.612609252
129.555995606
316.693640819
512.853022817
638.778070248
617.349632751
687.230664868
1394.57886741
1327.68855255
346.395376991
486.251409428
506.299554594
507.861973488
405.736772595
508.70209123
1401.62119361
861.95028933
158.596899222
1367.51903304
908.731395888
515.405132369
559.697000759
525.266532561
861.23697313
2059.70647037
357.254787313
606.199190066
530.139835599
553.782896624
2504.50742355
457.907429603
440.393407535
134.716161462
534.35810812
1470.75265059
490.645336524
439.614187874
1098.71371751
482.761180314
509.279242028
491.269346018
480.992182917
459.562832779
436.017270181
1254.36294336
426.248618246
506.241067314
1163.75681166
746.208600986
797.024003799
33.6554927208
542.53495191
901.885995809
476.247147227
176.866465034
320.133233573
492.656372756
1176.30249448
488.415298806
536.851667108
333.469112083
481.500582302
1079.5195273
929.481817861
515.104377968
427.370942855
1401.48332538
982.751030468
348.584929848
717.850093073
506.795388758
447.983637573
375.017584467
600.876989327
255.235828506
599.746638302
721.669611088
499.163531626
368.918222296
724.984721706
535.374634463
1155.60491001
485.862592426
1315.78467718
568.525674818
810.267598203
831.639757901
72.8294197582
496.155335818
186.876558034
873.481112863
1090.49484377
1485.08022648
503.698938371
814.640198458
462.738404403
1758.61241848
1366.58965018
2975.19250648
510.053165389
505.025206383
216.436706781
782.658659319
474.522903167
1308.39689018
1237.78363189
1102.05973353
577.474124469
239.325074682
721.634059682
458.288777182
490.756419717
521.502501647
414.906453971
621.085040871
500.797756746
434.829508022
242.185075006
691.366623529
482.101630728
1085.72559527
421.27812786
537.744244186
449.900855967
1178.55169965
499.152395153
408.799302538
490.669334455
622.260965595
525.11122207
468.482713544
188.501884336
129.789848163
978.845607652
1053.00663046
379.361219427
786.689518043
89.0138079797
590.403810226
1019.47966801
841.704095216
499.488840015
359.042532939
486.062664128
1123.86453869
137.243188189
934.361206731
507.896138753
1969.29671286
265.662953877
455.708592507
483.294699595
445.926296905
795.064105684
608.531235849
771.760959748
629.197719593
481.348539455
453.058921554
506.580262758
1343.19491767
504.444807399
1571.14465196
110.817765165
1304.98317757
901.930916935
667.219941846
88.9271920055
1632.13190273
779.278339043
599.895233041
75.0099745188
1216.52259953
904.932643549
509.941005286
443.935484996
488.322580135
505.887460945
357.624551949
52.9962453968
451.917790321
453.953984206
2012.87307048
1579.41398578
493.136223515
677.168312044
543.56102275
99.8454112114
1564.90184306
720.416250172
785.066162619
485.094065373
623.605837499
502.84477961
500.909958598
500.508473851
444.053662969
1446.90842062
1259.22354427
455.762583198
521.399725541
489.928131135
394.540469043
874.320365018
994.22522908
819.134561903
362.597826883
464.882509038
586.751224136
299.162056887
1091.40390179
508.582580197
753.968587237
597.366334429
1063.95581433
1880.40949183
1122.05424329
505.046352488
749.856808498
758.139808638
1174.33523553
423.420906839
668.982501147
479.055370957
1332.01677656
626.294195958
469.248268953
1184.01661569
409.674691817
548.034659611
579.655509291
665.73868592
400.543209553
1346.2453574
391.984120469
2228.08503081
501.372230662
493.02063507
841.55259532
475.936274265
531.653699712
1042.90075966
724.783093505
427.668135971
475.020873096
564.907988177
558.758890188
544.169791688
1259.00615368
565.512168888
3520.22946557
504.617438765
899.394185898
479.663124182
175.782168955
514.561889621
473.968383832
355.052777817
466.378563367
940.126514104
682.765070469
523.934280059
554.437219568
1964.80337884
477.414792134
635.273395286
488.17579497
501.603697876
448.448981115
471.496121182
43.9190468945
663.497889846
524.458553727
836.510936893
506.793444687
342.026812662
1927.38487941
2582.38764116
559.122452968
892.062078426
473.62453762
765.094859577
1023.94027859
536.572273352
1277.90124825
394.761596525
679.166489883
536.601523871
490.062711319
935.327326486
2442.68380242
476.830344374
731.004736471
922.148212671
1021.1253969
956.085822616
495.934462798
622.950808555
557.853523815
501.972335583
1166.97494686
686.969953498
441.46133913
2093.50523882
467.849533248
621.257991664
500.684362998
1452.30993217
476.100833506
515.117909773
398.071828074
680.57754673
488.586220021
671.450908848
295.526302246
1102.70132981
502.204899761
590.825007128
769.698890996
543.234770666
501.534444518
391.573757156
1033.20664469
453.735411573
920.353485117
703.575369623
738.877739445
488.511827611
499.791119165
630.304904602
600.273000906
39.1241794402
75.0122996577
1138.81662325
1910.66592433
460.10100348
508.633246841
232.647686721
1498.17776177
1563.15037431
655.72886195
673.461984634
184.387496336
1486.33339885
1374.72938625
1023.53437005
687.873741716
489.629079529
863.151471483
443.476878113
516.021634773
1102.22386064
523.724250972
466.706888218
402.348241964
430.040410089
125.755023977
503.928540157
1308.3599521
335.32874447
1142.55535794
1078.74826318
490.046260389
482.108488762
753.825164956
993.314161181
1716.56374509
503.792586758
986.005036034
615.399089481
1569.37177711
621.165646497
523.46353919
2557.00982353
956.648415738
1267.81590855
391.778684117
1491.27806899
481.848498464
627.568133968
520.54643069
491.224243107
556.975303845
498.858461536
1700.40092263
488.011685014
816.402779524
855.908748618
125.091460884
412.512073566
462.696282346
483.202496095
898.047655368
36.6935863479
495.522961883
472.327636394
495.390966716
1101.36991203
160.276656678
505.312630575
426.204079948
489.099631514
510.814009627
1115.2413885
1880.39161756
58.0567643898
1188.13804387
477.247847733
528.876427612
480.177799577
592.323537155
1307.51371477
508.287294517
1361.85008106
2489.09455974
481.938834111
542.462510689
1291.30180384
539.165514945
406.23736661
493.059636691
464.908498214
571.598165824
501.259603438
488.617099298
789.126207331
874.46854558
500.26707086
853.99953058
791.502679954
808.955035635
1146.26639197
1998.19937143
564.95367728
151.710848233
1019.75971165
1293.67528684
1287.90974193
1011.99180582
113.212584804
1645.16436145
1662.38689369
940.636202397
486.200869614
635.939340756
91.4868122558
101.517357571
720.503248251
536.868135831
1148.93267478
435.116038464
474.238788344
511.731963792
233.877597421
489.808164238
1003.00683595
881.255892236
497.402091379
473.009367248
152.435383887
1119.64116747
183.547468834
480.795217948
490.636574
441.81578021
479.148163583
416.755552873
1695.22145842
599.421642345
1497.10817559
531.668668285
969.091357944
987.985787942
192.267185927
631.494198919
389.343883829
321.03961466
528.469793622
519.396665066
1096.39331771
868.767815722
412.96262175
931.853931205
500.028079113
310.997011929
2437.74533772
472.560206373
722.011261108
45.5106489849
889.54120126
489.873955499
525.648876819
493.399348117
986.230970474
411.861132971
521.727050656
359.961902533
821.098122268
512.729489195
231.737387363
439.333055055
446.119901291
1389.29096873
1190.84823062
497.798885541
1098.26862174
1055.38833307
662.099023997
688.546818961
492.857132327
862.86218206
522.590726094
281.901867695
345.405638647
1224.37717846
468.676918609
658.796560721
774.000139489
480.488445244
516.867460519
517.838857871
2280.84961482
1587.65679944
1263.10229993
575.327492231
704.734247448
145.420692478
504.942420265
146.662929008
502.422010428
857.372012919
964.951636543
535.146483413
397.463809085
1345.71132038
595.993219685
622.911919002
460.7976521
544.985477266
151.710991842
434.575768887
2061.91872873
501.899812903
525.695523074
1422.95318645
502.589594933
1010.08048881
506.362282542
137.355703232
507.924255197
2215.74293034
446.131995457
759.055723796
1000.41894994
494.465778297
501.731904963
4361.56435225
485.493401158
631.101245066
556.560891693
422.070686206
487.141575063
362.818480537
877.037193965
1163.28741303
1083.07666309
496.793713278
425.550922397
500.656058536
592.11576553
559.218287243
523.590245394
503.447998716
427.667668454
1152.5107173
487.27281134
573.129752229
509.876279079
497.547545084
50.3027501992
497.559865485
1496.69692723
625.733429135
43.9946919031
510.283575568
1305.94171304
963.556127142
664.363036153
1448.37875556
2496.68396471
350.074270512
519.301384132
482.796517823
1148.82965833
888.523527722
141.722466935
139.592347559
932.561092546
291.31656136
480.045197308
1163.82600523
480.857445146
381.444712443
420.572941486
104.445023805
381.338482652
426.332619641
1226.59212346
1249.98681396
754.485034473
528.558159148
728.11159221
553.818540183
331.350314437
2073.94022072
492.505150464
982.958959753
718.13473433
1530.16527874
524.552497337
1403.64618009
593.582807573
444.115287489
823.965851994
344.636655388
794.137667283
1137.48249524
552.658591604
515.334363331
898.108803387
672.867397979
759.159278421
450.399881476
463.316692055
1382.21819753
1859.3506787
769.824040869
1278.7036341
513.156897163
909.172828638
509.959232777
442.792657879
736.213279519
366.226738057
508.788737509
99.4536830219
517.464342108
486.044853579
382.046480085
1005.80897124
431.833119426
667.751750469
536.886797333
1874.72778461
1190.01034683
506.35436661
486.469092931
461.597853387
1650.88351485
522.789341138
483.634856895
453.317499091
592.538538505
661.221949359
1165.20307325
490.096957777
718.929562717
1879.94877665
543.883116581
515.857327765
839.067019875
892.13950802
671.741720994
1471.63217076
488.857154444
496.865460781
819.311089302
498.760344284
323.96966998
485.701538247
482.061274187
567.860721012
889.103844948
497.92117595
482.93164744
317.178901903
1296.35224563
518.191363045
462.838910574
1004.46446602
664.766002903
749.304455867
156.182450929
498.069914203
967.146328831
526.745561828
1213.00075952
1077.24645814
375.228295772
507.255871455
517.662098176
1452.93909077
2240.45102784
655.692820732
464.514265618
454.61717261
465.893805253
1681.27425413
1110.40106595
485.789701072
509.201673509
743.834534459
486.432222573
1302.79577682
564.458852908
293.553181784
517.756061832
1208.08158225
585.181859039
468.365571172
452.836531228
469.005151977
649.047758823
1153.80411003
487.399559904
835.381824914
507.831261844
473.946934823
998.133155387
1682.71792463
916.498472644
494.742238599
992.135886996
383.301893087
910.889142661
1604.16133542
498.6541324
772.468309285
506.41102809
26.356209702
1084.75466981
490.232115864
699.116057598
453.844086775
795.091291876
1330.4507249
1806.40486771
683.800149839
1875.64245692
475.138407469
2177.69466253
1026.92088512
470.934376868
1231.2430039
594.915610798
498.456545832
460.426637816
931.196354197
1048.08245227
488.114769429
515.903633895
453.584060653
509.847741023
914.087428151
985.553522964
494.383245963
1315.71616753
757.094252108
140.277838124
1128.59032338
1176.8079831
825.904261637
799.761175261
611.022186876
702.828739016
514.069009622
2207.11303049
500.783080938
467.921055204
721.868470781
1124.1503169
510.165245836
812.961138488
637.030661421
488.539625776
964.903824626
2593.38858287
496.110891892
652.365987919
805.200541421
210.110110226
79.8686581511
599.116901386
428.44423573
541.436497169
514.868107206
530.352722906
129.82495886
514.65339553
364.321673136
822.048301425
292.745992929
1089.33201136
524.104623869
504.912625985
551.9638509
736.353813567
491.626782139
520.155996471
595.666042594
414.713469873
2627.77085705
628.354407196
493.741526314
493.267749803
697.818290195
473.140869834
1108.45585391
713.746013237
118.425267881
1990.67843073
1713.74723507
446.78845312
1082.32153506
492.028992651
481.100243633
511.808738725
642.765668186
1009.41897912
1987.18758357
462.314759732
398.612634695
454.976862291
1087.91242991
518.362948042
422.149610848
881.971813188
478.118323392
817.474009178
506.955881514
537.018453462
835.179205889
688.528897484
617.284688061
1263.97302403
2443.62572966
477.435942009
1851.99744461
450.665885481
1320.70893983
731.380836096
687.746280828
845.075175761
484.82402126
514.783595284
255.914429722
651.900164356
857.336138193
1065.17596077
490.489412231
163.412100096
499.218440086
489.388723791
859.118961799
1120.61767358
1117.45437784
428.370821075
414.187419193
871.53922212
484.99914712
870.180993149
634.917026135
500.847944504
487.074817465
680.585562986
510.096928177
2058.31092982
497.408445946
879.344550196
1206.04566144
573.647717258
526.390507247
402.053122793
1558.88752436
743.842284626
494.144639707
2103.1260208
469.738400345
718.726511822
879.356760236
878.913446746
914.720602517
529.402909826
806.595844387
1373.04689312
982.359691926
515.576155634
467.253746625
504.393442737
662.1038829
759.790246255
576.22139801
1040.04729939
533.404264187
479.788269349
483.062337179
3586.00624153
368.926402432
1205.48405984
1721.98734454
527.961365376
112.826899786
1446.02857623
1503.93943608
512.231769679
499.50169949
1222.00771536
460.407752007
1893.72521474
510.285791253
135.411532872
841.828272333
510.932499755
727.154417558
541.580029665
626.915615971
1620.49330489
287.914489396
1094.56174569
555.16503167
980.542293887
1211.57312176
605.230121112
578.956061128
628.22384915
719.054948346
288.934215369
1107.1284172
1440.52566211
497.18404785
365.498043267
506.388956918
928.960046356
487.642356246
548.680695041
465.945993063
1141.79123961
345.657600562
430.057645692
1053.54559867
510.826213495
1453.25872713
373.321175979
843.92256823
450.570388774
519.203810885
453.548693358
1223.62066822
714.497397753
474.56277995
212.577370077
142.987344435
508.086246651
4526.08471188
467.652007205
2381.98439234
491.104678906
1127.3006057
424.805218612
945.698975952
518.020742757
426.157378609
1048.28010418
525.650747743
478.033404782
494.123732039
504.724308449
1424.60940158
1190.33995948
853.835706073
489.00771322
1304.96265385
2482.80109151
480.675007912
614.768060905
459.423579822
793.392345709
578.09131145
678.880925988
493.660248926
1097.11234979
977.837490991
407.074514352
507.567955461
1028.92710336
488.704364059
556.093885466
2165.9972519
505.58388617
767.296440838
144.959757676
767.962312723
483.163001794
1976.5107281
514.247082368
883.952623278
478.096796363
588.415090913
1712.35840566
65.0362864161
503.185341233
2958.99139985
1071.4562387
859.50747991
479.714083909
521.18314312
1407.1229891
529.724628728
319.894991698
1318.65076551
1056.43493385
519.229130385
1174.36771079
857.396737561
500.677926997
578.88534368
497.88860843
513.185259157
205.479054258
1274.69057407
1123.23817252
491.440580312
1708.60650608
1198.04022313
2246.15886307
2194.92856876
1635.93428831
476.456112243
1534.05700743
433.707013613
632.294515611
473.585648847
1462.2208943
2472.37255138
937.309725833
571.551217839
476.642662938
416.189742158
474.984816125
467.579815709
1034.77507853
1524.67602559
562.147539552
815.702313508
476.329498175
1098.46846428
1499.71505337
1036.58202461
1609.01892658
933.776612669
508.870894924
509.600333539
482.518120409
662.651927303
510.452620781
608.014908887
1318.2561382
548.26110778
14.122894393
239.871772
497.333032922
504.904140726
641.334728325
482.902580124
469.739854779
85.6983887483
490.050451789
378.310679121
515.141017157
752.818884808
402.407077342
502.382660611
584.80287388
1369.48184937
478.146419333
1320.65035776
278.567522793
1299.16320862
1057.22823986
465.220416105
492.747794248
432.95787481
912.123182534
490.814319798
964.967667997
1175.19592693
738.320089882
505.209589144
504.914634361
378.871992169
95.5447333406
43.5416069364
482.240906173
959.469628823
430.907719348
1454.42555042
489.585087349
1107.65786371
843.632243261
623.284933016
1363.30631513
732.722935358
492.900599231
1438.3302331
379.010219355
483.329182361
2051.43024273
123.306796389
429.952220077
454.720657721
487.634789767
517.530137668
745.715065318
777.800877644
974.246928004
748.148322705
483.765977782
882.588508235
2492.21103627
494.465997191
1412.6822982
1499.28618321
701.791765687
928.845359676
538.626275604
498.422473789
1086.28574291
645.75947709
863.792698872
918.251775719
441.758455779
462.168856998
504.368820999
516.916466984
516.491660407
717.790251504
740.127098674
1349.64652477
1450.44439459
163.050804761
532.501353248
543.278765745
531.636885798
486.676493671
528.943625528
613.215451228
507.332202044
358.634291919
503.325478965
1063.1438509
430.966489823
1309.46852642
390.350446686
1478.46787751
217.168216219
900.276101374
510.782205108
1107.90869477
521.161051601
710.498254458
665.406475859
904.222397667
434.697235271
491.243425713
476.56760324
503.783382826
164.329037364
729.740934302
1218.63505643
1156.12006743
722.323349516
505.22598719
1590.99184794
461.330497267
1010.38283145
579.591629112
910.768457964
1229.51693802
945.114050367
901.49070102
612.957488145
560.331285256
621.123267695
438.567331952
537.607497235
1891.70702892
641.712907176
2663.34749517
506.002154294
714.782361153
192.849673267
81.8874485493
931.929818659
540.74874223
473.974116536
777.225072666
535.088274186
485.781803924
561.203387277
1097.32011816
1377.65845152
1029.68286787
550.492037117
416.247377446
1005.19889999
210.072732553
1391.95237369
216.39119628
485.640514797
541.868736296
1514.32791472
868.839645698
1766.68387632
428.8964333
4323.39757283
484.652271866
1152.67405592
1363.77997917
870.757111975
376.014209191
214.331904205
1634.92509932
2008.68421672
176.686018651
677.03255639
973.495036167
333.578606917
382.522255473
2154.90679368
773.754265627
522.17099718
1291.93809372
127.667650727
406.133182773
1333.12465273
475.9192663
378.243627836
686.550431291
503.119334477
499.95562584
472.754983751
949.59943242
1164.49319065
135.642711304
1622.72103087
476.196308404
506.792528566
522.435176063
1261.6547418
469.698481706
523.179070167
378.713946859
730.725817756
1591.2618401
495.546588701
417.560062457
759.858872496
512.71853388
1178.46798151
714.663303341
1289.86926024
493.064960972
1692.4078771
459.28915403
375.085330059
727.496109226
427.84696601
532.91311896
978.401273301
1858.49596384
727.502495521
513.685723652
862.462007675
471.322618861
510.037712791
1024.57523999
387.006561669
459.589804709
482.32322484
509.276289745
574.922925868
839.724089982
49.7033694151
1485.45941469
788.209308314
318.672933808
544.972986327
224.92018626
479.698092708
490.545713024
449.432549619
1290.90022876
2337.10139749
650.09624943
519.086875893
266.621467382
250.912445629
530.113563565
497.743234356
516.220698582
617.466260007
737.774338894
311.989932841
455.916132455
703.744373614
469.169713222
2212.5717088
1267.97396251
307.59115642
527.612469884
845.427120283
731.296461468
2056.96161091
1540.30184229
2295.31857462
179.711812272
595.531563326
780.437069068
473.41492608
410.479531862
481.564181232
438.511390614
741.745135166
457.340155438
516.343067573
1090.73194372
491.517208717
2128.08737329
871.733068592
406.155510952
451.433817413
481.541692018
502.501432246
1792.08197668
485.391549713
2415.11577423
176.056812834
1150.49618132
491.224702602
468.597749404
2043.75622014
512.797537616
412.63923243
866.947141953
475.247042077
1393.33918085
460.60823511
507.919336134
538.970746047
710.755657649
742.537551693
745.162487295
1012.17690365
765.429923358
505.159192841
508.881770783
631.993924855
490.193379798
597.361648375
3136.27022511
940.351221888
558.885541834
885.226943464
512.118734847
685.727015718
471.189518161
1271.73330191
460.324920846
2373.41909078
919.166278614
313.933519973
993.486265776
938.348314317
505.557915777
184.496468513
728.936051897
1662.41546611
681.761242856
499.928926363
1055.67119634
463.780368854
495.177156397
541.861043694
503.320574918
320.186973082
2404.50667872
690.556242698
437.017664847
1098.53135691
1477.16541
486.63625029
640.904999083
617.889364625
484.542826056
163.901091725
495.348789755
502.33960201
439.514678977
506.131119499
156.497049889
879.441672574
2074.66271346
496.426722611
714.985940024
1105.51860817
514.43168838
1052.53258963
1071.93644478
446.937943715
550.323906564
976.149913775
533.716235482
589.630666238
1853.67642544
1447.69916693
763.982657935
498.397229097
3486.69042938
904.802611256
255.761174385
428.023994986
429.421570095
1432.19899003
673.324463444
550.81119347
1213.79108161
832.669495444
1025.97247314
469.321126417
377.172120045
948.52654189
526.087054549
1959.06817889
742.212668375
139.70605963
966.334994003
981.761049065
92.3390101763
1025.89340692
752.206378093
888.961311214
457.8372133
3833.41245426
751.987716131
668.395581514
447.147655607
863.259621367
553.253776362
760.998762479
518.553060175
516.338595384
227.309051131
693.400343876
555.727177696
562.462400509
160.637972365
981.092639358
1283.08001471
546.999583019
265.348280073
1674.15768228
1477.18198107
507.838819289
514.34517785
798.315890909
500.051219589
501.494617448
472.462622366
377.749492304
461.116047264
566.093169814
477.386591945
723.52084873
1177.27437511
525.371945361
730.693994716
850.85323376
1566.38743383
440.790597466
486.263044617
492.167367202
702.072249406
1103.12076617
526.524725831
501.1199808
501.295418842
542.038707249
436.591946627
1348.54294619
1279.38903662
1420.38420928
476.320056696
1133.00449886
850.727600898
1792.28266971
518.041061857
453.370126711
240.97409478
354.475960462
1086.79695841
1962.12343331
488.620276805
123.281452817
1405.45810376
1396.87434508
737.716806823
692.427861156
127.484099175
483.955349039
382.031801471
531.024609957
559.957514895
165.484285251
1177.14079226
1467.16791936
1071.94245063
1841.50885684
410.223646149
504.487601125
565.140726573
419.895234598
447.853087752
502.623377556
929.363273733
493.08719997
1521.50384709
69.3509155905
517.771657514
663.153092435
829.599163531
114.2469519
2073.07984671
1096.97620643
657.542388652
696.522213219
486.510567862
600.651320906
477.925776683
506.241019703
1105.62714394
1067.62722566
398.14326704
986.627249835
548.128343533
1036.24461233
1591.4181787
477.749208423
1281.40498586
435.542299658
780.222200822
723.095320693
727.890111989
840.075874051
216.082689623
624.611352169
527.021746423
1272.94681169
511.593704409
908.803967957
1081.87986395
238.755536271
631.787152785
770.043431802
699.82419104
1239.50478558
506.731179694
874.344248896
526.582429867
503.298104832
877.042681416
382.251233801
1738.778219
479.847911629
917.838751812
823.767884072
34.435320916
735.57171173
1007.52261699
495.711965945
502.526164031
634.913354672
1767.67647762
1106.64159764
754.878281986
1183.11397313
884.500255843
731.335013118
434.243116546
861.137746037
802.799155742
914.24974285
607.456890916
301.815711156
700.746890041
1180.6520803
1498.00634099
395.422392985
526.734088686
1491.08460481
513.020937422
732.517432951
490.978574598
81.8108701731
552.315002259
476.151924682
870.534321213
583.284540039
489.677741129
1041.98981191
992.760074697
494.022325011
343.455629052
992.92033489
57.104738856
502.409906761
1438.70392411
577.284831319
1091.03150151
980.77035824
890.804786585
642.854337449
1490.2739001
71.3378697213
835.353967845
614.727264704
789.275571423
1258.78191352
520.035156662
1027.15307096
466.001620231
1224.53800749
2278.97020405
562.788111678
903.543503333
472.633886457
428.134479851
536.630312928
813.365068101
686.576063988
607.623179466
515.991541867
664.817157837
3086.08738997
550.626560617
854.676310973
552.88754613
245.087582348
1075.81919805
1430.84340733
1420.59445042
1304.60900924
672.708997385
464.721926224
495.265528307
494.094949801
2522.99490518
602.574000277
902.649494561
1790.91071469
509.622685406
41.1888939787
1650.92802598
498.35282857
484.837119264
37.7921082069
495.432411893
1860.05464947
936.010920989
486.758246339
976.594311126
713.117103125
471.6021881
102.99191724
481.719651262
503.701665942
439.59050311
54.2729863193
958.657164726
611.627750895
965.789023055
385.509808196
147.839594134
1141.03103237
1197.19265425
536.304665716
474.524235745
491.598277899
714.05302309
527.729521587
475.853326871
659.399425118
882.626040084
1571.40572894
503.952867387
492.858439958
343.976022571
530.36786041
372.736684876
285.837464389
499.973183291
620.457493397
421.695831645
1143.66798367
655.239665294
318.191275004
494.437855651
355.307024472
519.281987227
484.798797356
38.3604677447
615.882641618
566.502766698
1062.77066731
146.182953031
540.17079686
965.337027212
1719.19596346
78.202418866
1918.36956946
750.993269067
478.541052519
475.26373521
515.424584458
460.65301882
497.739321026
441.981814673
299.999628754
1596.52047969
496.170575238
520.972390265
1746.30854666
525.537024731
503.77507632
447.233750942
487.286615908
192.447629643
769.765146895
504.656685748
560.327303282
728.438997738
563.896968953
537.002004636
389.615666704
493.837805002
1978.84665811
455.555160833
479.042451682
747.126617913
579.14482955
623.35664806
886.607097525
1100.86324967
510.352417702
299.391348856
1469.23836677
426.405414674
3719.94509238
489.244899853
571.48500164
567.983601115
771.380385989
723.451166785
448.256204928
74.79305244
487.374685522
466.110822414
574.32327955
500.687617457
462.232163101
212.459393529
435.276344969
655.021065467
502.238735452
676.132002213
406.400548128
462.738106215
781.745664905
508.271584014
501.89172946
314.984986246
106.240517133
315.068578651
487.944942678
460.313840036
1224.93637204
665.533102419
2136.61929036
502.476398916
808.400033591
509.859524345
868.060757746
77.9339371307
532.932133971
1071.27955103
577.030013264
474.935727462
934.670501551
768.284992978
484.00447558
599.358698998
332.512003105
1866.98425362
403.844965
995.264235451
539.572810315
497.783149172
516.943737123
622.046662138
1151.19801852
601.439387207
998.381639842
248.855078882
1069.91473543
2846.28331295
1206.54173045
3021.80816586
794.446069837
586.161586486
632.013163779
1447.04030847
881.093746679
616.104524476
167.878764526
703.713383043
586.3191872
554.290765007
1010.6291505
519.685188695
164.442433501
499.751174075
1177.39149289
1867.72744846
630.448098451
542.728180146
970.875446362
1300.9624205
478.514054668
545.909503792
489.555382557
1419.69847404
52.8586499327
507.093175325
873.645165128
514.558839614
196.518153193
479.336776328
582.021679891
615.892862505
572.902744921
497.619584365
476.299463234
500.043396476
499.331050837
1530.16180956
492.187930742
530.72320518
473.751841163
470.153712179
926.320817142
424.930990276
229.560498092
2002.7605537
525.59829401
510.454611441
502.247746821
1484.46251696
824.616626987
279.334171373
497.417007242
1637.33648959
709.797561926
1137.34548042
542.085315944
3143.12271432
416.683231828
496.262239404
81.5810900072
1404.17830955
476.92170551
165.678945223
1323.00965097
561.090342828
458.526055163
908.855777882
553.188325587
303.072567718
940.153870319
1301.2939575
794.10163446
486.702522083
517.427924233
1781.22702784
445.765382508
641.447862044
506.469069394
1677.35050541
75.3741359075
841.865412411
1248.56966169
520.964888361
463.871579256
541.218066026
868.535326091
155.568053875
176.350310766
485.822318535
480.822084936
665.263291171
1299.90147474
509.104033675
27.0012029182
465.011974152
1805.75055449
467.632899586
1062.41103953
494.858719328
1087.52690425
564.964874975
1233.29801416
793.816437866
469.426328825
29.1364938553
2289.14534116
995.221874386
498.783108689
1228.73771117
504.355739217
582.344717777
403.503151799
143.638486148
493.880851687
496.906407045
497.254172482
302.085173452
451.069609454
466.510856855
690.410479827
506.459446895
1816.94408085
609.333819248
530.739416342
447.336650938
335.102162255
493.723447969
1796.44774144
986.543535454
484.217413204
1078.88652859
169.644069674
785.040592905
470.362519194
395.178250134
998.397002919
1243.43183277
545.098892848
504.831947176
366.8546578
2141.79189786
443.056022786
479.579377963
353.46022231
443.670381016
501.904758085
798.336331416
2916.62837623
1328.65056777
1277.60440586
502.004031231
1064.61928363
790.177525213
1037.35981654
686.502774393
388.986581541
995.248143155
1614.62788929
559.518534237
616.765810536
796.660458788
1355.04444308
494.469482971
1115.73817698
504.387604699
1716.36697976
1423.35588545
614.8961964
908.426801334
764.270656786
811.506433562
1026.76331448
1239.00296186
1581.56469881
829.158251527
496.654576032
490.074999817
1784.95458436
1610.36558205
439.243394448
647.295142932
429.16232526
3329.11060188
558.729494318
499.367370851
518.254044054
526.558880427
389.204261649
500.080491161
523.061006156
488.935494021
350.833070649
862.671903894
1060.2065255
736.7701726
512.899395003
928.953020341
976.601721921
488.552019401
691.896841313
631.567844508
565.966370441
2730.6438788
662.089777428
944.780248824
505.223130466
270.546459406
1657.49646632
520.462649323
982.666345615
535.350083802
415.519254827
1158.80288219
517.99750865
515.78316155
513.577686688
486.604062331
1464.77233077
515.105020341
200.157099396
457.373505459
652.75683166
499.868551186
43.6815285433
1485.87063021
516.288196863
511.532479256
1017.77388807
500.804118204
487.146805127
491.215801895
409.015749719
1181.32454612
884.553153909
917.742835748
263.383925296
411.457191553
1911.4731435
613.419994381
500.96125558
508.037721615
963.109610404
1054.81749928
1771.19891248
496.686765853
932.86739323
511.470595359
510.975593124
1491.48869217
645.857807551
504.160633784
691.804209789
1299.13814061
464.66131516
543.008001497
723.504725228
567.188714614
1003.16105721
220.572678257
2430.41993744
1207.15432044
758.30562658
594.285435475
892.055168027
1149.28420753
491.771571064
531.582677375
578.970935612
851.96837524
479.774263384
931.084030632
501.663578939
670.126517649
650.167789432
147.842308899
1743.4137866
591.690489759
809.316842693
389.098079602
130.125511196
385.857351584
487.960842449
2522.85409897
689.816531746
1162.96839502
975.881450226
654.507548872
456.010432496
1230.78823287
595.724737201
946.498977627
837.596985905
508.98982342
185.893784172
460.07614588
682.768450149
436.945412045
936.563793973
448.966640378
848.208733738
466.005098108
999.521656012
521.798401193
525.097383907
969.992015621
373.148384618
70.8480861943
521.529448307
439.998097956
1331.3608656
517.708547685
443.35820808
133.376804154
1850.77871011
305.981008745
307.84386767
988.308217533
185.072203835
519.269559342
653.346749898
2230.80930198
487.543994194
1639.15592683
486.452169848
511.189466575
428.506796608
504.045850786
506.737412671
491.837160038
507.507363884
507.03255122
500.840233088
1592.81353125
530.152191312
551.613278135
1293.31618781
1726.62137272
917.267574346
1041.4619926
614.996792537
326.19028743
591.65589074
1059.27061987
697.821360244
216.228580363
495.293309197
486.57421693
518.141560645
1502.54890655
334.186957931
1705.11407021
551.242235826
821.992104273
847.678654223
521.098418325
595.223481649
181.044886638
517.777279369
653.001631924
137.924592347
376.426617816
286.935455847
607.240887606
521.777296708
475.930052514
548.273319913
2063.2162491
453.39219584
1182.47928676
657.129476737
534.751738511
678.84120041
573.171908826
695.857698144
1333.72443318
552.630607805
1521.80084431
494.604572106
405.104430243
146.308660796
1905.6521262
497.964711982
1524.48195665
556.907927834
461.80114076
416.788649114
510.209657884
502.725475083
492.006924982
51.9334534896
585.903058573
932.961874764
575.294750563
503.534075342
801.227470093
1040.21079653
421.344861897
502.033226215
748.797971805
839.999463192
385.279950045
1452.78474529
1033.65531081
496.389106571
702.33304712
1602.47719449
917.932107165
498.802771285
485.891970459
484.746027685
914.164866401
1200.3564744
645.785626313
496.169372786
511.882824465
451.11077986
165.641118834
534.757966099
595.325770196
19.1248073864
882.774820187
1319.21988062
712.987408238
1422.52019613
515.931399572
784.805106262
766.983845557
511.470319832
523.832922868
625.835488173
1017.45854591
36.2491331421
1256.41273906
78.0078759645
1279.4193315
1138.75619879
766.629500082
490.62677159
854.262801979
523.467886394
595.907544
1063.19742343
500.435167267
523.81758433
1281.48698628
1191.42959906
1054.48154591
775.573189098
515.964257268
464.670975299
500.668275569
1434.35092553
760.698513725
2099.92262097
521.428872256
450.114771583
722.083868575
1545.04322106
671.306146198
283.956763643
1166.21362696
694.911686494
530.456418409
1085.57930407
530.863931295
931.774073834
878.098682769
495.288108076
477.376585133
486.346764422
600.631447659
751.351741228
1668.36860763
637.769241655
488.180124335
859.187381131
500.832779731
1343.39332608
159.751885567
387.571264041
848.985559971
464.176334539
841.079933735
329.323449506
623.356713815
930.850537828
714.679792881
512.514236472
1130.11596325
745.824750893
131.068636831
1494.35358033
1240.0525976
713.511124963
613.548569296
1292.96227082
1171.84232825
810.63658781
1071.79098852
