0.0
0.0
1.47339994783e-06
1.32606000989e-05
2.94679989565e-06
2.94679989565e-06
4.42020018454e-06
8.84040036908e-06
4.42020018454e-06
1.47339994783e-06
2.94679989565e-06
1.47339994783e-06
0.0
0.0
0.0
7.36699985282e-06
1.47339994783e-06
4.42020018454e-06
2.94679989565e-06
6.48295972496e-05
0.00270958268084
2.35743991652e-05
0.0
2.94679989565e-06
2.94679989565e-06
0.0
0.0
1.47339994783e-06
1.47339994783e-06
1.47339994783e-06
1.47339994783e-06
0.0
1.47339994783e-06
1.47339994783e-06
1.47339994783e-06
0.0
0.0
0.0
0.0
1.47339994783e-06
0.0
0.0
0.0
0.0
0.0
1.47339994783e-06
0.0
0.0
1.47339994783e-06
0.0
0.0
1.47339994783e-06
