1.18759999168e-06
3.56279997504e-06
1.18759999168e-06
0.0
3.56279997504e-06
4.75039996672e-06
7.12559995009e-06
4.75039996672e-06
3.56279997504e-06
1.18759999168e-06
2.37519998336e-06
0.0
0.0
2.37519998336e-06
1.18759999168e-06
0.0
0.0
0.0
2.37519998336e-06
0.0
0.0
0.0
0.0
0.0
0.0
2.37519998336e-06
1.18759999168e-06
1.18759999168e-06
2.37519998336e-06
1.06883999251e-05
0.00024702079827
0.00210917764343
4.75039996672e-05
0.0
0.0
1.18759999168e-06
1.18759999168e-06
0.0
0.0
0.0
0.0
2.37519998336e-06
0.0
1.18759999168e-06
0.0
0.0
0.0
0.0
2.37519998336e-06
0.0
0.0
5.93799995841e-06
