7.84160022249e-07
2.35247989622e-06
7.84160022249e-07
0.0
7.84160022249e-07
7.84160022249e-07
7.84160022249e-07
7.84160022249e-07
1.5683200445e-06
1.5683200445e-06
7.84160022249e-07
7.84160022249e-07
1.5683200445e-06
0.0
0.0
0.0
0.0
2.35247989622e-06
7.84160022249e-07
0.0
0.0
2.35247989622e-06
7.84160022249e-07
7.84160022249e-07
7.84160022249e-07
7.84160022249e-07
7.84160022249e-07
1.5683200445e-06
0.0
0.0
0.0
1.5683200445e-06
0.0
0.0
0.0
0.0
7.84160022249e-07
7.84160022249e-07
1.5683200445e-06
0.0
1.17624003906e-05
0.000368555192836
0.0011707508238
3.2934720366e-05
7.84160022249e-07
0.0
0.0
7.84160022249e-07
0.0
0.0
7.84160022249e-07
6.27328017799e-06
