3.42426683346e-05
0.00032530532917
0.0352014601231
0.124985732138
0.0739983990788
0.0433854572475
0.0273770112544
0.017052847892
0.0124985734001
0.00905718561262
0.00612943712622
0.00441730394959
0.00347563065588
0.00261956406757
0.00191758933943
0.00150667736307
0.00143819197547
0.00118137197569
0.000667731976137
0.00053076131735
0.000496518681757
0.000393790658563
0.000291062664473
0.00034242667607
0.000291062664473
0.000188334670383
0.000154092005687
8.56066690176e-05
0.000136970673339
3.42426683346e-05
0.000136970673339
1.71213341673e-05
5.1364000683e-05
8.56066690176e-05
0.0
5.1364000683e-05
3.42426683346e-05
1.71213341673e-05
3.42426683346e-05
3.42426683346e-05
0.0
0.0
1.71213341673e-05
0.0
3.42426683346e-05
0.0
0.0
1.71213341673e-05
3.42426683346e-05
0.0
0.0
1.71213341673e-05
