0.0030963011086
0.00123203604016
0.000453907996416
0.000291798001854
0.000421486009145
0.000697073002812
0.000891604984645
0.00115098105744
0.000891604984645
0.00106992595829
0.00124824699014
0.00116719200741
0.00134551303927
0.00147520098835
0.00165352202021
0.00217227404937
0.00251270504668
0.00366368610412
0.00685725314543
0.0186426509172
0.00982386618853
0.00249649398029
0.00173457700294
0.00176699901931
0.00110234797467
0.00158867798746
0.00121582497377
0.00147520098835
0.00137793505564
0.00110234797467
0.00111855904106
0.000859183026478
0.00149141205475
0.000875393976457
0.000972660025582
0.000778127985541
0.000810550001916
0.000697073002812
0.00063222902827
0.000534962979145
0.000599807011895
0.000583596003707
0.000405275000958
0.000534962979145
0.000437696988229
0.000437696988229
0.000437696988229
0.000308009010041
0.000324219989125
0.000356642005499
0.000243165006395
0.00264239311218
