0.00146679603495
0.000835916027427
0.000134061992867
0.000126176004414
0.000141947995871
0.000212921993807
0.000165606004884
0.000102518002677
0.000126176004414
0.000149833998876
0.000205036005354
0.000299667997751
0.000260238011833
0.000323326006765
0.000433729990618
0.000370641995687
0.000402186007705
0.000528361997567
0.000599335995503
0.000599335995503
0.000425843987614
0.00049681798555
0.000512589991558
0.000512589991558
0.000615108001512
0.000575678015593
0.000591450021602
0.000638765981421
0.000599335995503
0.000599335995503
0.000638765981421
0.000709739979357
0.000859574007336
0.000962092017289
0.000820144021418
0.00115135603119
0.00126964598894
0.00160085805692
0.00229482608847
0.00441615981981
0.00554385781288
0.00336732203141
0.00120655796491
0.000504704017658
0.000346983986674
0.000433729990618
0.000417958013713
0.000346983986674
0.000354869989678
0.000370641995687
0.000220807996811
0.00476314406842
