0.00720372190699
0.000996825052425
0.000531640020199
0.000930370006245
0.000917078985367
0.000943661027122
0.00116960797459
0.00138226395939
0.00608727801591
0.0136232748628
0.00256516295485
0.00221959711052
0.00188732205424
0.00166137504857
0.00168795697391
0.00156833801884
0.00168795697391
0.00142213702202
0.00139555498026
0.00135568203405
0.00112973502837
0.00111644400749
0.000863915018272
0.000837332976516
0.000770877988543
0.000797459972091
0.000744296004996
0.000531640020199
0.000518348999321
0.000637968012597
0.000398729986046
0.000385438994272
0.000412021006923
0.000305693014525
0.000225947005674
0.000239237997448
0.000305693014525
0.000186074001249
0.000146200996824
0.000172782994923
0.000199364993023
0.000212655999348
7.97460015747e-05
0.00013291000505
0.000106327999674
0.000119618998724
6.64550025249e-05
0.000106327999674
6.64550025249e-05
7.97460015747e-05
0.000106327999674
0.000598095008172
