0.00186183000915
0.0013193100458
0.000184949996765
0.000295920006465
0.000357570010237
0.000320580002153
0.000271260010777
0.000271260010777
0.00036989999353
0.00059184001293
0.000628829991911
0.000628829991911
0.000715140020475
0.000715140020475
0.000801449990831
0.000801449990831
0.000789119978435
0.00114668998867
0.00103571999352
0.000961739977356
0.000961739977356
0.00122066994663
0.00123299995903
0.00134396995418
0.0015289200237
0.00146726996172
0.00204677996226
0.0028605600819
0.00442647002637
0.00940779037774
0.0103325396776
0.00315647991374
0.00125765998382
0.00115902000107
0.000776790024247
0.000826110015623
0.000678149983287
0.000887760019396
0.000579510000534
0.000542520021554
0.000554849975742
0.000517859996762
0.000604170025326
0.000641160004307
0.000480869988678
0.000665820029099
0.000468540005386
0.000382230005926
0.000394559989218
0.000357570010237
0.000246599985985
0.00420452980325
