0.00186183000915
0.00125765998382
0.000147960003233
0.000197279994609
0.000283589994069
0.000271260010777
0.000271260010777
0.000234270002693
0.00036989999353
0.00059184001293
0.000628829991911
0.000579510000534
0.000727469974663
0.000727469974663
0.000813780003227
0.000789119978435
0.000789119978435
0.00113435997628
0.00102338998113
0.000924749998376
0.00098639994394
0.00124532997143
0.00125765998382
0.00136862997897
0.0015412500361
0.00147959997412
0.00208376999944
0.00293453992344
0.00452511012554
0.0094201201573
0.0103325396776
0.00320579996333
0.00125765998382
0.00114668998867
0.000776790024247
0.000826110015623
0.000690479995683
0.000875430007
0.000579510000534
0.000554849975742
0.000554849975742
0.000530190009158
0.000604170025326
0.000641160004307
0.00049319997197
0.000678149983287
0.000468540005386
0.000382230005926
0.000406890001614
0.000345239997841
0.000234270002693
0.00422918982804
