0.00720372190699
0.00097024301067
0.000518348999321
0.000877205980942
0.000877205980942
0.00097024301067
0.00112973502837
0.00140884600114
0.00616702390835
0.0135169466957
0.00260503590107
0.00223288801499
0.00186074001249
0.00166137504857
0.00167466595303
0.00158162903972
0.00168795697391
0.0014354280429
0.00139555498026
0.00138226395939
0.00112973502837
0.00112973502837
0.000877205980942
0.000824042013846
0.000757587025873
0.000797459972091
0.000757587025873
0.000531640020199
0.000558222003747
0.000637968012597
0.000398729986046
0.000398729986046
0.000412021006923
0.000305693014525
0.000225947005674
0.000239237997448
0.000305693014525
0.000199364993023
0.000146200996824
0.000172782994923
0.000186074001249
0.000212655999348
9.30370006245e-05
0.00013291000505
0.000106327999674
0.000119618998724
6.64550025249e-05
0.000106327999674
6.64550025249e-05
7.97460015747e-05
9.30370006245e-05
0.00061138602905
