0.00145890994463
0.000820144021418
0.000102518002677
0.000141947995871
0.000134061992867
0.000134061992867
0.000102518002677
9.46319996729e-05
9.46319996729e-05
0.000134061992867
0.000189263999346
0.000276009988738
0.000283895991743
0.000323326006765
0.000425843987614
0.000362755992683
0.000378527998691
0.000512589991558
0.000607222027611
0.000607222027611
0.000425843987614
0.00049681798555
0.000520476023667
0.000528361997567
0.000622993975412
0.000567791983485
0.000567791983485
0.000638765981421
0.000591450021602
0.000622993975412
0.000638765981421
0.000709739979357
0.000851687975228
0.000977864023298
0.000820144021418
0.0011829000432
0.00124598795082
0.00165605999064
0.00228694011457
0.00447136210278
0.00562271801755
0.00342252408154
0.00122233002912
0.000504704017658
0.000339098012773
0.000449501996627
0.000417958013713
0.000346983986674
0.000339098012773
0.000370641995687
0.000220807996811
0.00478680199012
