0.00304766790941
0.00118340295739
0.000470119004603
0.000372853013687
0.000356642005499
0.000697073002812
0.000826761010103
0.00105371500831
0.000875393976457
0.00110234797467
0.00121582497377
0.00113476999104
0.00132930197287
0.00150762300473
0.00162110000383
0.00218848511577
0.00248028291389
0.00361505290493
0.00687346421182
0.0186588615179
0.00992113165557
0.00251270504668
0.00171836605296
0.00175078795291
0.00111855904106
0.00160488905385
0.00124824699014
0.00150762300473
0.00137793505564
0.00110234797467
0.00111855904106
0.000859183026478
0.00147520098835
0.000891604984645
0.000988870975561
0.000794338993728
0.000859183026478
0.000697073002812
0.00063222902827
0.000534962979145
0.000616018020082
0.000583596003707
0.000405275000958
0.00056738499552
0.000453907996416
0.000437696988229
0.000437696988229
0.000308009010041
0.000324219989125
0.000356642005499
0.000243165006395
0.00264239311218
