0.0021923079621
0.00119867199101
0.000149833998876
0.000212921993807
0.000220807996811
0.000252352008829
0.00015772000188
0.00011829000141
0.00015772000188
0.000205036005354
0.000220807996811
0.000299667997751
0.000268123985734
0.000331212009769
0.000433729990618
0.000370641995687
0.000378527998691
0.000504704017658
0.000583563989494
0.000591450021602
0.000425843987614
0.000481046008645
0.00049681798555
0.000520476023667
0.000599335995503
0.000552019977476
0.000552019977476
0.000622993975412
0.000583563989494
0.000575678015593
0.000622993975412
0.000670309993438
0.000835916027427
0.00094632001128
0.000804372015409
0.00112769799307
0.00124598795082
0.00152199796867
0.00220019393601
0.00435307202861
0.00544134015217
0.00326480390504
0.0011907860171
0.000457387999631
0.00031544000376
0.000417958013713
0.000402186007705
0.000323326006765
0.000323326006765
0.000354869989678
0.000205036005354
0.00436884397641
