0.00449044723064
0.00218848511577
0.000664650986437
0.000470119004603
0.000534962979145
0.00084297201829
0.000956449017394
0.00116719200741
0.000940238009207
0.00106992595829
0.00121582497377
0.00111855904106
0.00132930197287
0.001426568022
0.00155625597108
0.00204258598387
0.00239922804758
0.00348536507227
0.00669514294714
0.0180914755911
0.009775233455
0.00239922804758
0.00168594403658
0.00171836605296
0.00105371500831
0.0015400450211
0.00111855904106
0.001426568022
0.00128066900652
0.00105371500831
0.00105371500831
0.000778127985541
0.00132930197287
0.000794338993728
0.000956449017394
0.000713284010999
0.000745706027374
0.000680861994624
0.000616018020082
0.000502541020978
0.000551173987333
0.000551173987333
0.000340430997312
0.000486330012791
0.000405275000958
0.000437696988229
0.00038906399277
0.000308009010041
0.000291798001854
0.000356642005499
0.000243165006395
0.00243164994754
