0.00818725582212
0.00163479300682
0.000664549996145
0.000917078985367
0.00097024301067
0.00097024301067
0.00116960797459
0.00135568203405
0.0060341139324
0.0133574549109
0.00249870796688
0.00216643302701
0.00180757604539
0.00162150198594
0.00162150198594
0.00147530098911
0.00158162903972
0.00132909999229
0.00132909999229
0.00130251795053
0.00104998901952
0.00107657094486
0.000797459972091
0.000797459972091
0.00070442300057
0.000757587025873
0.000731004984118
0.000518348999321
0.000518348999321
0.000584803987294
0.000372148002498
0.000345565989846
0.000412021006923
0.000292401993647
0.000212655999348
0.000212655999348
0.000292401993647
0.000186074001249
0.00013291000505
0.00013291000505
0.000172782994923
0.000199364993023
6.64550025249e-05
0.000119618998724
0.000106327999674
0.000119618998724
6.64550025249e-05
9.30370006245e-05
6.64550025249e-05
7.97460015747e-05
9.30370006245e-05
0.000531640020199
