0.0030701700598
0.00183716998436
0.000308249989757
0.000357570010237
0.000357570010237
0.000357570010237
0.000308249989757
0.000271260010777
0.000357570010237
0.000567179988138
0.000604170025326
0.000628829991911
0.000739799987059
0.000702810008079
0.000789119978435
0.000752129999455
0.000752129999455
0.00110969995148
0.00101105996873
0.000924749998376
0.00091241998598
0.00117135001346
0.00119601003826
0.0013193100458
0.00144261005335
0.00143028004095
0.00200978992507
0.00283590005711
0.00434016017243
0.00928448978812
0.0101475901902
0.00316880992614
0.00118368002586
0.0010973700555
0.000752129999455
0.000764460011851
0.000628829991911
0.000813780003227
0.000554849975742
0.000530190009158
0.00049319997197
0.000517859996762
0.00059184001293
0.000616499979515
0.000468540005386
0.000628829991911
0.000431549997302
0.000382230005926
0.00036989999353
0.000332910014549
0.000221940004849
0.00383462989703
