258.664001465
278.710449219
246.700790405
191.411361694
152.935089111
112.842170715
97.9689865112
76.6292114258
65.9593200684
42.679561615
46.882850647
35.2429695129
25.866399765
21.9864406586
19.3997993469
17.4598197937
10.023229599
10.9932203293
9.37656974792
5.17327976227
5.81994009018
4.20328998566
3.23329997063
1.61664998531
2.2633099556
1.29331994057
1.29331994057
1.61664998531
1.93998003006
1.93998003006
0.646659970284
0.0
1.29331994057
0.646659970284
1.61664998531
0.0
0.0
1.29331994057
0.0
0.0
0.323329985142
0.0
0.646659970284
0.323329985142
0.0
0.0
0.0
0.323329985142
0.0
0.0
0.0
0.646659970284
