258.017333984
279.357116699
248.317443848
191.734695435
153.258422852
111.872177124
96.6756668091
77.2758712769
65.3126602173
43.3262214661
46.5595207214
34.2729797363
26.1897296906
22.3097705841
19.7231292725
17.1364898682
10.023229599
10.9932203293
9.37656974792
5.17327976227
5.81994009018
3.87996006012
3.23329997063
1.61664998531
2.2633099556
1.29331994057
1.29331994057
1.61664998531
1.93998003006
1.93998003006
0.646659970284
0.0
1.29331994057
0.646659970284
1.61664998531
0.0
0.0
1.29331994057
0.323329985142
0.0
0.323329985142
0.0
0.646659970284
0.323329985142
0.0
0.0
0.0
0.323329985142
0.0
0.0
0.0
0.646659970284
