268.363891602
285.823730469
249.28742981
191.088027954
150.025115967
110.902191162
95.0590209961
74.0425720215
64.6660003662
42.679561615
44.9428710938
32.6563301086
25.866399765
21.9864406586
19.0764694214
16.8131599426
9.37656974792
10.6698904037
9.05323982239
5.17327976227
5.81994009018
3.87996006012
3.23329997063
1.61664998531
2.2633099556
1.29331994057
1.29331994057
1.61664998531
1.93998003006
1.61664998531
0.646659970284
0.0
1.29331994057
0.646659970284
1.61664998531
0.0
0.0
1.29331994057
0.0
0.0
0.323329985142
0.0
0.646659970284
0.323329985142
0.0
0.0
0.0
0.323329985142
0.0
0.0
0.0
0.646659970284
