6.13252814219e-06
1.90789760381e-05
3.91800385842e-05
5.85997113376e-05
6.0303191276e-05
7.25682475604e-05
7.52938140067e-05
8.41519140522e-05
0.000101868106867
0.00117335701361
0.000163874778082
8.24484304758e-05
7.97228640295e-05
7.63159041526e-05
6.98426811141e-05
5.21264882991e-05
6.30287613603e-05
5.34892715223e-05
5.3148574807e-05
4.63346550532e-05
4.08835185226e-05
3.91800385842e-05
3.64544721378e-05
3.44102954841e-05
3.47509921994e-05
2.92998556688e-05
2.55522008956e-05
1.60127128765e-05
2.31673275266e-05
1.87382793229e-05
1.97603676497e-05
1.83975844266e-05
1.43092320286e-05
1.3627840417e-05
1.05615763459e-05
1.32871437017e-05
8.85809640749e-06
1.05615763459e-05
1.05615763459e-05
8.85809640749e-06
6.47322394798e-06
4.08835194321e-06
6.13252814219e-06
4.08835194321e-06
7.1546160143e-06
5.11043981533e-06
3.74765591005e-06
3.06626407109e-06
3.06626407109e-06
3.40696010426e-06
2.38487200477e-06
2.31673275266e-05
