3.03048000205e-06
6.56604015603e-06
1.010160031e-05
1.51524000103e-05
1.51524000103e-05
1.51524000103e-05
1.41422397064e-05
1.26269997054e-05
8.58636030898e-06
1.11117597044e-05
1.06066800072e-05
1.11117597044e-05
1.31320803121e-05
1.11117597044e-05
1.41422397064e-05
1.7172720618e-05
1.66676400113e-05
1.26269997054e-05
8.58636030898e-06
1.91930394067e-05
1.96981200133e-05
1.7172720618e-05
2.22235194087e-05
1.91930394067e-05
1.91930394067e-05
2.27286000154e-05
1.8687960619e-05
2.1718440621e-05
2.62641606241e-05
2.32336806221e-05
2.72743200185e-05
2.62641606241e-05
2.52539994108e-05
2.82844794128e-05
3.08098788082e-05
2.47489206231e-05
2.72743200185e-05
3.53555988113e-05
4.040640124e-05
6.46502376185e-05
0.000150008752826
0.000255065388046
0.000268702569883
0.000178798320121
8.78839200595e-05
5.00029200339e-05
3.18200400216e-05
2.77794006251e-05
2.77794006251e-05
1.56574806169e-05
1.61625594046e-05
0.000259106047451
