4.98575991514e-06
1.16334404083e-05
2.94990804832e-05
3.90551213059e-05
3.1991959986e-05
3.98860793211e-05
4.6949240641e-05
4.40408803115e-05
5.11040416313e-05
5.19349996466e-05
5.40123983228e-05
6.02446016273e-05
6.5230356995e-05
7.14625566616e-05
7.47864032746e-05
6.73077593092e-05
8.01876376499e-05
7.93566796347e-05
9.88842366496e-05
0.000332799478201
0.00124103878625
0.000333214964485
9.97152019409e-05
7.64483193052e-05
6.31529619568e-05
6.31529619568e-05
6.02446016273e-05
5.98291189817e-05
5.11040416313e-05
5.40123983228e-05
5.40123983228e-05
5.02730799781e-05
3.90551213059e-05
4.27944396506e-05
4.19634816353e-05
4.44563593192e-05
4.36254013039e-05
3.61467609764e-05
3.24074389937e-05
2.7421679988e-05
2.7421679988e-05
2.61752393271e-05
2.36823598243e-05
2.03585204872e-05
1.99430396606e-05
1.41263199112e-05
1.99430396606e-05
1.41263199112e-05
1.66192003235e-05
1.16334404083e-05
1.28798801597e-05
0.000156220485223
