3.79099196834e-06
6.63423588776e-06
1.45321364471e-05
2.81165248452e-05
1.99027072085e-05
2.49573640758e-05
2.02186238312e-05
2.55891955021e-05
2.40096160269e-05
1.89549591596e-05
2.3061867978e-05
2.6536943551e-05
3.15916004183e-05
2.62210287474e-05
2.74846916e-05
3.03279357468e-05
3.75940035156e-05
3.66462554666e-05
3.5382592614e-05
4.0753162466e-05
3.60144222213e-05
4.10690809076e-05
4.35964066128e-05
4.39123250544e-05
4.23327437602e-05
4.70714840048e-05
4.80192320538e-05
5.90762901993e-05
8.34018210298e-05
0.000166487734532
0.000407531653764
0.000632147944998
0.000295697362162
0.000107411440695
6.16036195424e-05
4.48600731033e-05
3.94894996134e-05
3.34870965162e-05
3.5382592614e-05
3.25393484673e-05
3.06438523694e-05
2.74846916e-05
2.62210287474e-05
2.93801876978e-05
2.71687767963e-05
2.46414474532e-05
2.71687767963e-05
1.61117168318e-05
1.80072111107e-05
2.02186238312e-05
1.7691296307e-05
0.000277374259895
