4.10690790886e-06
7.26606822354e-06
1.45321364471e-05
2.3061867978e-05
2.74846916e-05
2.74846916e-05
1.8639044356e-05
1.92708757822e-05
1.7691296307e-05
1.48480521602e-05
1.48480521602e-05
1.61117168318e-05
1.64276316355e-05
1.73753796844e-05
2.08504552575e-05
2.08504552575e-05
1.89549591596e-05
2.49573640758e-05
2.3061867978e-05
2.40096160269e-05
2.43255326495e-05
2.52732806985e-05
3.00120191241e-05
3.15916004183e-05
3.60144222213e-05
4.10690809076e-05
3.94894996134e-05
4.64396507596e-05
8.46654875204e-05
0.000172806045157
0.000447021127911
0.000714917900041
0.000343084771885
0.00012067991338
6.2867286033e-05
4.48600731033e-05
4.23327437602e-05
3.72780887119e-05
3.72780887119e-05
3.15916004183e-05
3.00120191241e-05
2.71687767963e-05
2.33777846006e-05
3.06438523694e-05
2.46414474532e-05
2.6536943551e-05
3.00120191241e-05
2.11663718801e-05
1.92708757822e-05
2.17982033064e-05
1.80072111107e-05
0.000287483562715
