4.54572000308e-06
6.06096000411e-06
7.07111985321e-06
1.21219200082e-05
2.27286000154e-05
1.21219200082e-05
1.61625594046e-05
1.36371600092e-05
1.010160031e-05
7.57620000513e-06
9.09144000616e-06
5.55587985218e-06
9.09144000616e-06
6.56604015603e-06
8.58636030898e-06
6.06096000411e-06
8.58636030898e-06
1.11117597044e-05
1.06066800072e-05
1.1616840311e-05
1.010160031e-05
8.08127970231e-06
1.06066800072e-05
1.61625594046e-05
1.11117597044e-05
1.56574806169e-05
1.1616840311e-05
2.07082794077e-05
1.7172720618e-05
1.51524000103e-05
2.1718440621e-05
1.96981200133e-05
1.56574806169e-05
1.61625594046e-05
1.96981200133e-05
2.37387594098e-05
2.62641606241e-05
2.82844794128e-05
4.24267200287e-05
8.73788376339e-05
0.000181828800123
0.000281329557765
0.000305068329908
0.000188899924979
0.000101015997643
5.7579120039e-05
3.7375921238e-05
2.72743200185e-05
2.57590800175e-05
1.56574806169e-05
1.7172720618e-05
0.00027981432504
