5.11043981533e-06
1.56720161613e-05
3.74765586457e-05
4.49718718301e-05
4.63346550532e-05
5.45113616681e-05
5.11044017912e-05
6.57543278066e-05
8.21077337605e-05
0.00116824661382
0.000148884151713
7.76786910137e-05
8.17670370452e-05
8.21077337605e-05
7.97228640295e-05
6.30287613603e-05
7.35903377063e-05
6.43915409455e-05
5.99624945608e-05
5.62148416066e-05
5.3148574807e-05
4.49718718301e-05
4.42904783995e-05
3.81579520763e-05
4.36090886069e-05
3.23661188304e-05
2.86184640572e-05
2.45301125688e-05
2.38487191382e-05
1.87382793229e-05
2.07824559766e-05
1.87382793229e-05
1.63534077728e-05
1.22650562844e-05
1.63534077728e-05
1.73754960997e-05
8.51739969221e-06
1.2946447896e-05
1.15836637633e-05
9.19879221328e-06
6.13252814219e-06
5.45113607586e-06
6.47322394798e-06
5.11043981533e-06
8.17670388642e-06
6.13252814219e-06
4.08835194321e-06
2.38487200477e-06
2.38487200477e-06
3.74765591005e-06
3.06626407109e-06
2.18045443034e-05
