7.47863987272e-06
1.49572797454e-05
2.78371608147e-05
4.19634816353e-05
2.99145594909e-05
3.03300403175e-05
3.07455193251e-05
3.1991959986e-05
3.07455193251e-05
3.11609983328e-05
4.07170409744e-05
4.07170409744e-05
4.11325199821e-05
4.40408803115e-05
5.06885589857e-05
5.35969193152e-05
5.35969193152e-05
5.89981609664e-05
9.51449183049e-05
0.000332799478201
0.0013673446374
0.000375593925128
0.000109271240945
7.27090009605e-05
6.02446016273e-05
7.31244799681e-05
5.89981609664e-05
5.1519520639e-05
5.27659612999e-05
6.31529619568e-05
5.52588389837e-05
5.31814403075e-05
4.19634816353e-05
5.02730799781e-05
4.27944396506e-05
4.77801986563e-05
4.19634816353e-05
3.90551213059e-05
3.28229216393e-05
3.11609983328e-05
3.44848413079e-05
2.94990804832e-05
2.53442794929e-05
2.24359191634e-05
1.91120798263e-05
1.66192003235e-05
1.95275606529e-05
1.8281119992e-05
1.66192003235e-05
1.62037194968e-05
1.62037194968e-05
0.000168684884557
