0.000110385502921
2.04417592613e-05
3.03219439957e-05
5.00823116454e-05
5.17857915838e-05
6.13252777839e-05
6.54136310914e-05
6.88205909682e-05
7.63159041526e-05
0.000113792462798
0.00145511259325
0.000116177332529
5.7918321545e-05
5.75776248297e-05
5.5533448176e-05
5.58741448913e-05
4.15649119532e-05
4.22463053837e-05
3.84986487916e-05
3.0662638892e-05
3.0662638892e-05
3.27068155457e-05
2.35080242419e-05
2.28266326303e-05
1.97603676497e-05
1.97603676497e-05
2.04417592613e-05
1.43092320286e-05
1.60127128765e-05
9.19879221328e-06
1.2946447896e-05
9.53948801907e-06
1.22650562844e-05
1.02208796307e-05
6.81392020851e-06
6.81392020851e-06
6.13252814219e-06
8.51739969221e-06
7.1546160143e-06
3.74765591005e-06
3.40696010426e-06
3.40696010426e-06
3.06626407109e-06
2.38487200477e-06
3.40696010426e-06
2.04417597161e-06
2.38487200477e-06
1.70348005213e-06
2.04417597161e-06
3.40696010426e-06
1.0220879858e-06
8.51739969221e-06
