0.000147532773553
2.36936994042e-05
1.32684717755e-05
2.11663718801e-05
3.6330340663e-05
2.49573640758e-05
2.90642728942e-05
2.81165248452e-05
2.52732806985e-05
2.02186238312e-05
2.14822885027e-05
2.49573640758e-05
2.11663718801e-05
3.12756856147e-05
2.81165248452e-05
2.68528601737e-05
3.25393484673e-05
3.1907515222e-05
3.56985074177e-05
3.75940035156e-05
3.1907515222e-05
3.72780887119e-05
3.85417515645e-05
4.13849957113e-05
4.04372476623e-05
4.61237359559e-05
3.72780887119e-05
4.48600731033e-05
3.85417515645e-05
4.35964066128e-05
5.14943094458e-05
7.29765961296e-05
0.000176281129825
0.000455866800621
0.000657737138681
0.000293485965813
0.000119732161693
5.33898055437e-05
3.47507593688e-05
2.93801876978e-05
2.36936994042e-05
2.62210287474e-05
2.24300365517e-05
1.95867924049e-05
1.73753796844e-05
1.42162198244e-05
1.73753796844e-05
1.67435482581e-05
1.42162198244e-05
1.54798835865e-05
8.84564815351e-06
0.00014310995175
