9.54601200647e-05
1.66676400113e-05
9.09144000616e-06
1.41422397064e-05
1.7172720618e-05
1.46473203131e-05
1.66676400113e-05
1.76777994056e-05
1.31320803121e-05
1.91930394067e-05
6.56604015603e-06
1.46473203131e-05
1.010160031e-05
1.36371600092e-05
1.1616840311e-05
1.7172720618e-05
1.8687960619e-05
1.41422397064e-05
1.46473203131e-05
1.8687960619e-05
1.31320803121e-05
2.27286000154e-05
2.22235194087e-05
1.7172720618e-05
2.27286000154e-05
2.52539994108e-05
1.41422397064e-05
2.07082794077e-05
2.1718440621e-05
1.51524000103e-05
2.62641606241e-05
2.62641606241e-05
2.37387594098e-05
2.97997194139e-05
2.52539994108e-05
2.72743200185e-05
1.96981200133e-05
2.37387594098e-05
2.47489206231e-05
2.1718440621e-05
2.37387594098e-05
3.33352800226e-05
4.24267200287e-05
8.58635976329e-05
0.000140412244946
0.000225770752877
0.000251024757745
0.000159605275257
8.88940776349e-05
4.84876800328e-05
3.63657600246e-05
0.000202031995286
