0.0140223717317
0.372851282358
0.226891905069
0.116031274199
0.0653692483902
0.0383004210889
0.0241924431175
0.016162538901
0.0112144732848
0.00739641580731
0.00563291879371
0.0042460905388
0.00374957197346
0.00248259329237
0.00186622538604
0.00130122131668
0.00126697868109
0.00102727999911
0.000719095987733
0.000753338681534
0.000547882693354
0.00042803332326
0.000256819999777
0.000376669340767
0.000308184011374
0.000119849333714
0.000102728001366
0.000136970673339
0.000102728001366
0.000119849333714
0.000171213338035
5.1364000683e-05
5.1364000683e-05
5.1364000683e-05
6.84853366693e-05
1.71213341673e-05
0.000102728001366
3.42426683346e-05
1.71213341673e-05
1.71213341673e-05
0.0
1.71213341673e-05
0.0
0.0
0.0
0.0
1.71213341673e-05
0.0
1.71213341673e-05
0.0
0.0
3.42426683346e-05
