0.0100159803405
0.398721605539
0.229802533984
0.107658945024
0.059616483748
0.0355438888073
0.0217440929264
0.0145188905299
0.0101015865803
0.00684853317216
0.00501655088738
0.00380093604326
0.00308183999732
0.00234562275
0.00167789065745
0.00143819197547
0.0011471293401
0.000993037363514
0.000547882693354
0.000616368022747
0.000599246646743
0.000393790658563
0.000273941346677
0.000376669340767
0.00032530532917
0.000188334670383
0.000171213338035
0.000102728001366
0.000136970673339
0.000154092005687
0.000154092005687
5.1364000683e-05
5.1364000683e-05
5.1364000683e-05
8.56066690176e-05
5.1364000683e-05
8.56066690176e-05
3.42426683346e-05
0.0
0.0
0.0
0.0
1.71213341673e-05
0.0
0.0
0.0
1.71213341673e-05
1.71213341673e-05
0.0
1.71213341673e-05
0.0
5.1364000683e-05
