1246.94185873
2509.17611334
2118.21430157
1958.74323202
1779.75483027
1689.44625635
1967.20363227
1646.34716357
1797.71030557
3609.5090293
1053.79902681
2028.91803585
2090.71160477
1295.43758362
1707.10370105
2234.79960938
1732.39685522
2372.04674931
1979.70292586
2740.27462226
1636.16311673
1097.55609676
872.411627819
987.815354341
1905.2447114
1878.04190428
1590.75240251
1246.28399947
1334.90306364
2021.6156058
1767.57952946
1758.31899846
702.469147848
2153.03609619
1815.56517609
2120.69149675
1543.86760512
1647.04133607
1910.94794535
2749.99914006
2405.98286437
2119.33826538
3286.85251647
2894.57385144
2031.53882796
2050.26943957
1128.15743191
1060.68137152
2872.62566452
1981.73481245
2373.2196873
2274.12652158
1836.93934147
2047.47202799
1956.8716129
2065.06387125
2191.38960325
1863.28599183
1936.67127268
1828.01434615
2136.7548249
1952.91037509
1989.96929741
2461.94204596
1747.24614604
1304.99054148
807.701478523
1967.15917256
1821.98176242
2923.14754064
1866.3730011
1766.46458196
1953.7582399
1282.26750437
2807.02961217
1588.89665128
2336.2413408
738.352242955
1782.40987582
1997.43331739
1907.4478229
2993.43598295
1980.65617394
2386.07196389
1117.46555933
2478.69751393
2094.42451749
1975.18378586
537.861459848
3025.15371537
2244.72944814
1037.48900507
1212.77443471
1785.06540922
1333.33091538
1281.8369214
2098.66836649
1961.08276627
1895.63251915
1997.99106643
2054.65077152
1878.60585877
355.46775442
2027.41978108
1174.77630596
1992.77966718
1921.05302985
1268.22285564
1853.18348135
1362.45948333
2039.54725264
745.064071828
1286.64283709
1034.1506727
1602.75792508
1976.23827274
1975.59773886
1423.09135743
2016.421034
2313.98430144
1681.98002231
1833.84443818
3502.9082595
1969.52718863
3169.95995776
1432.84918223
1830.26545574
690.890787193
1571.83648069
1907.90789983
1796.74097817
1475.78721852
778.008641929
1988.69180971
2187.15324107
1486.65116344
2170.1430996
1210.28014061
1956.26468333
1996.09201764
1681.74405246
1254.72788296
1895.35585964
1300.38624706
967.367072207
1860.29789841
2740.61065492
2005.43019468
2117.26272763
1101.8668413
816.025589416
2111.75082829
1518.65070161
2918.63226309
625.808378301
1605.07863423
1142.39476595
1739.74448287
1994.84401152
3095.06490716
1863.19164897
1191.08803544
981.610141336
3154.81952728
2715.81827173
3212.18438251
1810.42143859
1672.76778132
2028.83683437
2217.3154882
1938.18995425
1369.13584683
1930.64031952
1453.32901815
1098.04388741
1663.3098955
1919.35324968
635.999301354
1435.47704504
1818.83631692
1867.09435963
3587.18281675
1576.6462647
1658.10632828
3282.90905296
1438.3899679
2033.29302701
1610.96477549
1585.17299624
1424.33268913
1818.59535535
1310.10120485
1767.0372445
1780.78819671
1785.21760148
1403.98352054
2162.518675
1928.09742749
1702.09795926
2032.28993984
2048.19014753
2149.41130611
774.057239825
1960.81708238
4333.61329143
2066.8058237
1266.51867826
2031.14885007
1871.83782754
1229.54236453
1771.94633729
2131.64051432
2028.68488636
3191.58510178
1512.8639702
2464.33796351
1910.27479324
2029.16607458
1934.54330945
1289.34011764
1362.39784789
2678.401353
2402.97867656
2208.32140547
383.518114388
1838.72564742
1794.41905635
2396.56682845
1900.8133647
1403.30572254
2009.5773326
1896.01745602
912.462155252
1992.42505665
1925.64999477
2267.22929388
1958.16877887
1859.64215368
1339.35359938
2466.8035631
2411.15965496
1749.80357578
768.287551641
1738.29004476
2345.72676358
1475.4832707
2001.71696141
1887.85616833
2913.73505047
1561.67807452
1980.36904387
3242.3359676
1845.10366916
1784.37189805
1969.04394226
1683.34996328
2795.7566014
2050.83230599
1918.18831864
1614.87584367
3028.54601465
2384.83408005
2220.84463204
1184.51234232
2519.39524108
1933.27883291
1934.91911694
4035.86386775
1685.4722382
1696.71612532
1742.03633601
2020.29559019
1848.47846748
2253.07689473
1879.69335527
1091.18239374
2197.44108135
1782.34709276
1874.17671273
3115.97678653
1137.26118364
676.27694399
1789.02352697
2023.5840766
2010.21221342
1806.79818733
1824.07719119
1209.81358164
1013.08597483
1321.80276396
1179.81578085
2029.32788913
1943.36990471
1111.04440888
1470.82001563
2082.39755098
2016.71111243
3252.94384713
1665.84408794
784.034310902
2626.70735082
2090.3831741
1292.99209845
2143.84446498
2658.61353814
1122.09293889
1869.79350497
1945.31660727
1442.71228085
2826.96864687
2243.4978334
1667.09255108
1683.61497579
1429.19000773
1825.95749864
3010.70574246
1977.85762793
2084.42650836
1998.97481294
1496.2677202
1338.95988779
2439.9750689
1900.91998
1902.46498282
1615.15373975
1039.36491933
1337.96842096
1938.3751118
2089.34858351
1482.39680515
1804.46522811
3009.12167943
1172.937344
1405.94954274
585.159036295
1952.52427578
1173.00831079
1959.90652679
2758.79810391
3086.38018531
764.247312979
1807.31589728
745.897633205
1962.39369933
2984.94956762
2217.38964855
749.641353423
1764.36187558
1334.34336934
1595.77454099
1801.09653483
709.634594661
1502.99392183
923.652655074
1806.13856825
2638.95877863
832.142804715
1860.14000939
1823.68775467
3441.95219617
1311.8990291
1568.86876239
1610.85538665
2143.90319178
1880.38787874
1295.06927938
2006.24842412
772.807513854
1858.55155293
1958.61044851
1034.01371548
2653.98973803
1053.28347657
2100.70219232
1760.39394995
657.552273306
1949.26176018
2477.6187786
1416.0037219
1543.82656406
1434.57633025
2034.23218797
3235.71944822
1717.8989842
1965.54700773
1740.65314427
1298.34402834
1377.16773676
1642.1544556
819.774950288
2903.10391864
1818.77912746
1042.08188213
2084.3126734
1827.17998329
1994.07353742
577.113321282
1756.34558943
1997.95520552
802.476850086
2069.56635411
1641.42134552
2070.46591669
1640.64300721
1573.88964814
1926.16610517
2032.90710375
1803.91598075
4062.65779666
1497.08985371
2574.37692519
2222.85856748
2037.1688168
1052.00539501
2326.73213227
2013.04923824
1960.19793121
1032.46482119
2316.3647967
2441.02248214
1994.8350766
596.152764691
2212.11488828
2351.68508481
1978.0269632
1914.97410289
2056.33575367
1052.53693754
1917.79590343
2135.48009504
2037.63141173
1073.16139526
1679.91748356
3505.52134685
1951.34757429
1077.42496931
864.575644856
1932.89348294
2569.34284689
1883.22135577
822.29147998
2134.90535058
2820.79294038
2052.95291518
1154.21372839
1628.48918961
747.648785416
1646.27190452
1990.18799475
1469.29767096
2008.53948875
1817.0892912
1508.91489656
1933.06520001
1498.29351757
1307.91445746
2852.07870855
1973.3881145
1919.00931139
1417.63781164
2035.16309464
2012.72884573
2118.38568729
2028.09803902
1944.347991
1860.80639505
672.91766952
1734.4250639
1488.45445376
1804.39529658
1452.57190205
1911.82134684
1976.93113662
684.104779296
1820.29545264
2013.95081665
1039.99198832
1946.53652
1425.8280871
1653.19423842
2028.80829187
1545.99164545
1992.68910178
1552.99608707
1826.45717117
1889.5433968
1957.72576313
1949.0686399
1540.73418144
1897.37167962
2065.62811421
2057.99508038
1351.20993029
1784.57873276
1454.83157639
1044.4162917
1847.05306505
1877.09096845
1977.20824633
1980.36211016
1879.68128467
2725.39143542
1946.04140179
2003.07424942
3268.14474089
1083.54104883
1609.32533707
1880.55066798
640.671264924
973.346133118
1699.93379168
1025.63073598
2028.13347588
1959.82376337
1354.62930874
1512.81930495
1872.76861927
2769.63278255
1798.59568217
1997.73772245
1761.38822546
802.349138912
1438.67662537
994.534813049
1394.12684702
1945.865079
3043.75521298
1915.57073729
1834.90582494
1271.60037894
1891.25833815
2073.83265131
2095.08568745
1935.70538644
1982.83040462
1004.50911682
3068.28533703
1817.74551909
1643.5258627
969.477604229
1843.9314355
1963.57798113
2172.30123019
1969.91190455
1905.38223594
1947.90521864
1973.47681201
1850.76320202
1201.87879965
1992.55412902
1760.59364319
2668.81579627
2054.24644097
2072.22570592
2362.57302302
2562.77348129
941.406127129
1788.82110851
2725.38271178
3123.20120373
1975.71099112
1210.33901078
1688.83573678
1621.04323117
3113.97293173
1399.93406099
1470.61040861
1154.51161782
1947.58783482
1041.24305463
2430.58270225
1964.87021299
1686.82119492
1655.47376275
2590.84160904
2012.89556923
2787.30476999
3407.08376977
1887.98757216
880.035574409
2359.72106101
1720.41664621
1666.93077449
1404.49384296
740.71763564
1272.80176086
1386.52715564
1735.59741575
697.110932396
2482.60667146
1550.10664283
3209.43585673
1533.8271853
2035.62504434
3114.69166101
1782.59509876
1979.68767643
1412.52698604
1500.68169164
1356.23812388
2063.34798023
3381.40889172
3258.46467913
1187.34328291
2746.18104688
2079.24397791
1569.4226899
1881.16567122
1917.69587356
1579.28510835
1424.01654562
1161.54708524
1122.19142441
1773.15171965
4735.15550031
1986.59415664
1963.10168053
1929.59314217
1157.18253958
1046.13218744
1380.72503814
1135.0040904
1874.34877336
2490.47787579
808.928450713
1968.64847315
2576.59787008
1902.53950462
1017.54615536
1694.71227014
1001.53680073
1953.72982418
2103.01298224
2280.99860152
1986.86003447
1899.14640603
3790.97520498
1991.16621371
729.233006855
1366.16812009
1897.89020487
1326.65027597
987.439655466
1784.51799837
507.564362517
2368.96451188
4773.73259713
1971.9152105
1036.26594512
2065.3888534
1877.91389462
2529.91725984
727.689558708
1790.70469847
1564.30826173
1505.60225018
2004.51520396
1785.52924203
2337.19312637
714.863330494
1445.35376114
445.381966182
1536.72439078
2011.50559765
2054.31896105
2047.98815907
1722.53099831
2098.01336769
2556.64494249
1883.59455268
1659.52322523
1755.02340577
1931.91174933
1805.87723876
740.545747496
1850.86114274
1955.61889461
2093.33344811
1296.3995086
2903.73341606
1903.33894402
1863.79521384
1978.38817475
2021.89841877
2471.12487096
1785.77312683
2889.50796106
2051.7916703
1781.67062945
2049.18840217
2014.17149432
1866.25759272
1087.50225999
1715.75818211
1336.23731397
1350.28665366
1652.49477316
1765.31609283
863.449695005
566.099227169
1804.64286827
1790.64282892
1684.06042441
1973.53454296
2854.40998944
1742.91465831
1580.51673788
1076.1737623
2032.75110787
3508.28655896
2898.04585262
1021.20523363
729.701551984
1041.85754058
1603.9791737
1931.4150054
1908.78372185
871.25294055
1235.32476242
2034.60752794
1701.4381659
1543.68603603
1953.45253982
1008.66128058
1959.1696562
2548.17724578
1496.07453207
1895.45654051
2101.88676284
1970.84180108
1568.64321844
1594.55236474
2069.05539732
1879.152837
1922.78180855
1760.23546699
1785.96852643
1303.85831753
3044.54178144
1884.75320845
1922.35214875
1703.41117974
2181.75375505
2817.02871854
2350.77795348
930.372047829
1719.78769192
1779.12971028
1916.63704801
1179.86971766
772.510730456
2013.91722358
2281.95773441
1915.52449289
1795.57449041
1083.2002969
1953.14697454
2024.73337028
1139.60656922
3085.54159084
1217.9374093
1698.49763586
923.684208752
2109.95655668
2100.93367045
1279.34533832
1894.09827041
1914.45010958
4330.09079269
1025.35854435
1907.29786623
1974.46616427
2774.96158419
4212.27982891
2125.01944297
1088.30736559
1241.0949604
1842.29733377
1591.8956356
1453.26603759
1981.47704961
2313.19256483
1983.86949325
1854.64961959
2012.63403129
549.592528017
1715.98868022
1212.0642498
1743.50527564
1783.70041416
1999.5032133
2312.33733555
1816.28379361
1861.46978876
1091.84463364
865.400059502
1601.06465012
1564.42969605
820.201465008
1423.47054745
1694.2377607
1985.40725237
1550.6082713
1859.42698102
2123.84071445
1864.48356493
1988.42982468
1025.1464557
1614.05226728
2114.04587203
1985.46829425
1329.85370625
1338.87697452
1293.23146637
1878.26023612
1903.81283887
2073.91617743
3258.80738457
2042.98210886
1027.71291703
1905.73462423
1779.71130522
1757.28903076
1850.33269979
1869.74277493
2892.23393406
1040.36939096
2350.12588733
1856.20953644
1045.21910011
1864.05565243
1421.4816714
1790.76466311
1874.30388323
1730.83448924
2097.67027662
1683.64115265
2024.90348824
2032.18312504
1190.5718929
1321.41062161
1086.42133001
956.975457098
2071.29374372
1834.44113223
1881.26834638
1847.68774676
1968.5919547
2328.75770257
1194.15361091
1863.28739278
2044.03875258
1951.46812266
2654.7474611
1953.00488446
1299.17530658
1943.64965532
1269.06656365
2106.50457264
1924.82385195
1840.0839121
1864.1079095
2991.44032228
1923.06892864
902.690596071
3066.09733793
1160.67645112
2546.17206395
1864.07275189
1915.68956386
1397.56650788
999.043898103
1771.58731475
2032.9859645
1444.44268689
1950.15524369
1174.2207732
1077.45002263
2510.4034435
1960.09862113
1452.97064276
1796.96049809
1668.32488097
1683.61795694
2708.46594878
967.605122055
2693.27615717
1959.16531518
1848.10462194
1355.54095715
1923.31207474
1879.9074439
1880.15588578
1246.18728592
1627.85973576
2019.82961426
779.709301942
1905.49082103
2257.39435954
1453.88542834
1944.01837857
914.829833594
592.369911304
2058.51781978
1919.71945553
1815.82529407
2218.90339734
1870.48566008
1910.83451582
2045.96560292
1884.01226213
2271.86755181
1942.46756739
1671.24712026
1816.44954994
1672.35479307
3019.5136573
2031.72548411
1923.65002993
1466.34157301
903.574646279
2110.36169167
2915.0814784
2441.33788461
1387.45095594
1959.84807932
689.031576701
3208.37799371
1938.27973183
1558.93474863
1737.21829401
1902.31902302
1775.13364556
1997.78865687
1751.16778203
3907.90808224
857.44185914
1786.37768998
2000.62903337
2065.46419441
1242.12923838
1633.91530627
1883.79332931
2062.78810337
993.753600967
1679.8794031
1883.6968053
2820.04870966
1634.7264196
1541.637842
1687.19985867
787.777455391
1454.34349883
1900.87554659
1923.78434356
1468.89133602
2112.3186233
3023.22706959
1874.91597171
2983.55271078
3821.31033814
533.919159638
2004.73789034
1384.12384236
1855.21607986
927.924752714
1972.31978453
1996.5324281
1955.5959007
2060.55247523
1246.31751056
2040.03205761
2019.69191454
2724.59587257
2732.16023452
1801.96606433
1492.32658276
2666.03124491
2852.89316406
1712.04811385
1162.82727272
1962.88674628
1925.27742116
1675.02325328
837.960117329
1793.85511016
2532.96886748
1905.81316468
1687.27905888
1994.48188322
797.693032286
1971.98781453
2051.29357002
1917.74208884
1986.08970923
1580.60462805
2020.71402124
2624.99727397
1809.49653054
2859.68208436
2042.19300294
1803.83991641
1796.83819444
1875.62478818
2125.52652129
1549.11551203
1939.63365042
2170.90006142
1086.97997315
1948.01180737
756.581605428
1345.15903511
1885.08511407
1073.52977308
2617.81163989
2420.54164758
485.039045607
2533.50823665
1301.92202098
2480.77814124
1971.99665044
1974.02822756
2048.67557627
1909.7432672
2203.5381825
1869.32105095
1025.77319741
1380.55964263
1944.63465907
1667.31311604
1934.8029906
1840.37499573
1733.53231903
1173.26818589
1808.91579925
1324.55810648
2677.84191596
2170.16326719
2912.35870759
1957.01649507
1116.10152721
807.328653952
1436.78282374
1704.43119685
1727.46683937
1793.91192522
1906.38655708
1904.13684094
1732.74376419
1421.21052821
1672.94521267
1995.95659907
2012.55775224
656.774519379
1367.5665827
964.437667086
1662.48969343
1329.96550513
1570.0373618
2054.2537103
2021.58919991
1994.09664259
3045.99679128
2206.56201491
1289.561363
2763.06033234
1803.63572276
1169.4182667
1544.15175021
948.054648199
1698.76741386
972.328971686
1825.37309453
2537.41298096
1247.63355014
1474.74691139
2610.29253122
1390.2946293
3146.0966931
1299.18802672
807.757669058
1930.61733209
2440.4375556
629.5157575
2035.55612048
1793.33555636
1762.47873632
2429.78302134
1652.25144719
2010.26417914
2128.31099849
1919.17510729
2080.33328196
3538.12939762
2368.34578891
1187.21963639
1886.35395914
1793.49788465
1948.31334616
1543.49686501
1837.95779628
1783.55488737
1252.45406343
1631.79885175
1656.13261715
956.265793739
666.350161917
2095.41954417
1570.62752018
2645.6015603
1595.18869508
1648.60798621
1690.28796822
1768.46241935
2615.2988835
773.450080124
2002.20707033
1749.67648973
1942.47296384
2257.0490044
1651.81531677
1101.32504272
1950.89222508
1039.34991325
1992.77116165
2376.70932272
2032.58029062
2175.02187632
1831.59894146
3711.97563571
1692.51774399
2025.09276312
1124.45460606
2408.43519979
2819.56550492
2371.62807078
852.252248784
1051.66585889
455.711345937
2118.28850414
1501.32590195
1904.09642471
1794.17672731
1203.68666362
1988.91981327
1692.40543051
1213.39797068
1849.632546
1913.9685937
2049.28950383
1739.38420516
1990.36803272
1703.51853152
1350.00503105
1934.23285781
3043.20078913
1939.59435012
1990.57948481
1930.31709477
2009.10592163
2062.02206884
2147.32089636
925.519818003
1611.80397454
1787.23931306
1969.42993596
2142.97955397
2318.93926631
875.638223694
1983.63678293
2440.31714449
1718.98457264
2044.83933453
2072.33747708
1894.26579599
1965.84353013
876.193375257
1959.31334902
1915.90421957
2903.69383155
1547.47641627
1116.68882131
1983.22196418
2087.94749496
1450.93530788
3195.59217761
2010.2474608
2025.12445024
1797.65254174
1740.60940688
3161.71392846
4506.71262689
1211.60015962
766.424577745
2001.16979094
1478.22527782
1820.76438909
1950.71863
2558.30487569
2056.26800651
1780.86817122
1524.00282076
1392.68649973
1155.73799999
3196.04203516
2053.5305399
1064.02562696
1980.76581253
1225.75889407
3094.49867052
2797.0502465
1306.42419445
1626.86448919
817.280405918
932.336393143
3130.67320129
2251.01117989
1969.01022302
1969.49191824
2534.83467769
1611.55888023
1525.33094252
2097.28550313
1357.99784126
959.833118759
1928.62104704
752.3631069
1534.68734696
1940.41683354
2437.29799574
1561.50800475
1895.90426833
1692.35685627
3175.90881546
1938.21882526
1091.95940697
1746.70802557
1271.04706062
3672.89800094
1136.5640223
3544.79749072
789.389708455
1754.2635132
722.42349418
2194.99048291
902.248873435
2437.46405212
1858.63653697
1978.06320789
1098.33256548
2385.72396755
1839.8114243
965.041817027
1794.54708646
1608.1196177
2316.07058127
2609.54823331
1912.71367196
1547.19759257
2144.78957082
3352.42563795
1808.34291221
974.87547608
2081.83388309
2848.43136767
592.109152261
2025.98049836
2020.59738121
1487.49427085
2012.98110688
2073.47288455
671.424759537
1089.81598678
629.739026216
963.892694401
1774.79153666
1521.93673797
1904.24366848
1994.19556861
1665.56314309
1341.33499252
2064.86800382
1155.85270801
1957.78209481
3030.14893727
2029.18190859
1233.92051629
1572.4782842
1969.99448285
971.121259209
2111.01861662
1339.51188178
1983.28399094
1685.31296503
1833.09213984
2195.8835635
1636.75702095
2392.92729584
1603.42813241
2030.66984427
1850.97912111
1231.86591268
1938.84011352
1721.91436196
1971.07546576
742.893182874
2068.04195104
2091.61809479
782.115059438
659.612216615
1946.70725398
860.954613868
1849.20921882
1206.66184341
834.311129069
2707.92621046
4356.39896614
1979.85295927
2019.81583247
1757.25780254
1828.16106545
1655.44939009
2052.25169892
1269.41716151
1785.73577295
2152.28110394
1685.29274054
2926.40549857
1848.67688976
438.37633625
2015.00792943
1756.19082961
3918.63976746
1914.44575461
1712.20541238
1763.22152032
1695.98732429
2679.97961296
2270.08776133
631.403609927
1987.72327047
1776.20023033
1927.80651707
1071.96561392
2035.61034092
1803.13488889
1964.06904777
1918.66457621
1881.61088216
2031.98715109
2035.86489765
2602.41172383
1152.02236908
1824.82122678
1386.65049427
2529.24962109
2092.17889197
2079.14005004
1235.1570539
1115.23400576
971.560739345
1865.36396668
1822.44071768
1234.82988404
2039.87586539
1842.81986798
3312.92781416
3303.32751351
2039.76685761
1304.9682245
2470.73595384
2741.49410906
1944.0714199
1094.57996016
1485.53401204
1657.22318877
3539.78814077
1160.50462908
813.494783692
1980.22374264
3238.55026771
1798.76813441
1950.17750554
1640.85945915
1800.22595114
2035.39872679
1895.05111198
2025.42081972
1987.4553299
1298.25837517
565.550908156
1905.62748309
1412.57417544
1565.63232797
1810.09886024
2070.30254949
1524.34142095
1924.94949462
1322.53093241
2848.03332585
1948.4013829
1598.68198693
2020.94893864
1607.01146588
457.229124578
1902.54240827
1967.38533111
1775.15324514
1884.05389404
1820.31188768
1893.68513565
3036.20200845
1911.88336473
1698.89583714
1975.77672136
1720.83112064
1953.15641975
1270.25620342
1781.75446396
997.780128114
1768.4142391
2908.99171444
3395.82466954
1947.94002279
3591.77496229
1217.01726637
3101.50228987
1858.51465743
1769.80204398
1956.01605925
1992.25766701
1378.3888611
639.564772316
1819.35457323
1880.23851906
1168.84986568
1828.65211421
1724.74399897
2781.30180227
1937.80951874
2150.36195286
1984.46981559
1781.92037882
1988.57234122
1677.14317008
1561.78885318
1969.54598273
1342.69330099
2768.24470003
1619.8803143
1829.32763713
2077.03475002
1896.01818568
2428.51087442
1682.73802986
1434.09239267
1313.9539781
1568.94733309
1811.70850636
1749.90482668
805.050958498
1895.35269979
2133.91719214
1543.00595045
3983.33421524
2539.23373023
2273.03383942
1764.02408964
1503.89153186
1812.08736717
923.926902333
1097.2129589
2729.99307912
1910.00324828
1703.82455697
1848.33586519
1425.21094403
1931.62131976
1024.03946089
2225.29989959
1438.12892096
1381.09404815
1033.4529246
1672.65222068
1776.45938292
1532.97026168
1980.22730163
2242.82598022
4643.9905413
1089.10422206
1886.97511596
2068.34868469
1911.01983457
2218.26446254
1743.71188709
2345.59298326
1303.21992602
449.74131611
2753.45976876
1657.34916971
1247.75958548
2021.56376978
2251.59124175
1451.1399412
1822.02417539
1550.87431484
1883.35524406
1929.01493494
1962.85462044
1531.7190197
2030.03080732
1916.55679518
1966.56859814
1152.14626065
989.222229699
1216.12235958
1852.51783613
1753.29258522
1954.8335335
525.48162783
2122.74751706
1598.50942576
3615.40915507
1957.21951689
3102.7656047
1854.88524666
1092.15885987
2455.75173803
1965.48094329
2455.10864041
2095.01579662
1807.85764169
2256.80718688
1963.71356664
2026.16461108
1505.6977898
1820.14831653
2050.69130434
1966.95219228
1472.68514852
1182.60386333
1852.62284191
1784.97556428
2082.46375062
1650.25613609
1969.93160716
1453.7305012
2045.30326438
2065.12672212
1911.62486071
830.127122178
624.488017093
1237.50657148
892.284266937
1870.01166407
586.39786197
1122.98032566
1965.32773324
1166.82725627
1970.30467662
1812.67238867
1726.80408393
2018.59788458
1708.90047825
1854.83325912
1106.53572424
2276.18402718
1797.46489341
1869.46382934
1803.51059893
2620.79084119
1226.17105362
1822.1568295
1839.68504101
1854.23697336
3402.18128103
1561.73400195
1966.26589148
1913.56604721
2001.66519033
1682.08925427
1885.50964022
1198.14100567
1000.81816693
1757.35299381
1988.04930172
2819.30881372
2127.5404721
1956.4328094
1404.77993462
1898.68959216
1745.36945895
1427.13356617
1894.40002841
2014.03562273
1964.4814775
2194.12911818
733.755748927
1990.93586656
884.515108974
2283.59463929
1577.0983416
1644.83957607
644.712978152
2013.62144248
2018.71821634
2359.38715271
1836.76066274
2013.55040291
1960.57077296
1492.92541095
2025.34286745
1475.93295369
1008.69127715
1963.46824216
1974.32531884
2364.13449921
1902.92515046
3026.81349082
1940.87079139
1832.16311534
3708.54833658
4382.93563771
2013.57504351
1431.96635767
1797.28661296
1934.81430811
3870.9457646
999.709219983
1732.44687006
2560.41874775
1509.59894142
1082.97946562
1958.54661134
3648.15362556
1861.8538111
2012.64341809
2018.92010668
1344.18562126
1659.06872071
1977.13265403
1961.91999248
1132.82997911
1934.82250009
886.643330667
1322.40721852
1972.41857706
1512.86204508
2277.10770871
743.198237464
1377.16750852
2018.83108253
1109.93852069
1276.77217397
2080.01653884
3142.2841216
2788.80572992
1154.31039356
1042.81816624
1797.1513342
1501.3359712
2034.47854372
3180.27043642
1671.90091718
2001.34721148
1515.33248042
1065.30722886
1457.4409268
900.056590782
1976.75048114
1175.46657316
1904.87845303
1680.89578838
2074.38539091
943.832712354
2081.71202858
1971.12960851
1417.83499089
2960.9488296
1751.90392306
1069.16352172
1643.52410783
1454.58747087
2314.91303655
1945.35611678
1226.85103681
1494.74479101
1439.70662645
1765.56080203
2157.12519672
2061.02018883
1837.57683617
2883.3579699
1579.38390486
1845.99984145
2695.84641099
978.195028677
2141.89083041
1574.13197706
2013.32393604
1148.50373134
1791.76171222
1828.16697809
2062.52837693
3388.44246294
1446.8307257
3127.31998704
1159.24520228
1518.89776906
1844.15960274
1730.6258099
1988.47398587
1456.2106889
1524.50509215
1894.85161006
2019.57159677
2939.57198413
1932.48849454
1242.84760274
1624.85646512
1807.78681483
1879.80863914
1596.15670549
2039.97064557
1131.77836376
1393.84568175
1344.00410997
1940.03309939
1147.49040879
1307.7795705
1697.59859112
1779.06880875
1983.20929619
582.272641118
2007.90840923
955.882781566
1665.97435154
1594.66261938
1563.53740495
666.093399164
1918.87814334
2715.27612462
2611.92388735
2696.02368901
2334.85845505
1842.25839245
1726.60607777
1863.60884378
1777.7881327
1706.48941706
1176.27675619
1427.63465704
1830.49078088
1852.17383911
744.371425093
1479.4745665
1771.0419387
1456.55532394
3293.79597181
1993.08898152
1866.61082409
2058.40019644
1482.10629359
484.682014186
1955.08844408
1952.03460508
1520.59553052
2480.51545225
1970.11486472
1770.01597488
1417.1372465
1552.39468734
2875.79489537
1219.10281975
1700.23638608
1942.13901345
2165.83295477
612.349664249
2156.63833555
430.834898804
2371.02967773
1741.7626211
2907.14383987
2364.20030636
1806.14065777
2000.2398616
2124.68158768
2144.7556958
1618.59273338
1887.21346246
1967.73785103
1490.95642104
872.741248657
1687.63221796
1901.52875878
1662.79010628
1881.52031883
1800.87890112
1321.1411324
2547.59368723
2031.10508051
1994.76731905
1781.34094876
900.387691963
1299.78794734
2025.98259357
1414.49088956
1957.32475327
1771.56069335
1995.90185463
940.52886381
1956.39424996
1104.3235926
1880.57330218
2049.5036037
2101.11031038
878.095642675
1333.23593691
2593.35501558
2472.70702486
2011.67552798
1865.24116855
1948.3390902
2643.48855573
1918.13199773
3077.20468969
1813.02493879
1233.20634591
1896.13681367
3015.93370019
2250.34420497
1119.62186147
1929.37834068
2769.4575101
1955.19783181
2003.35326693
2547.24604782
1777.59482632
1832.95966005
1967.86425628
1122.29296738
1979.46400484
3982.58809587
1372.29273915
1523.57646631
849.53585344
1599.26736284
1369.7359527
1805.59156203
1920.90575066
1995.88884489
1726.27429281
974.213165464
2014.21744757
1754.924197
1789.04158264
2003.36852972
1658.6736269
1942.96127028
1624.24541009
891.30168271
2005.66995965
1847.74355182
1221.90215161
1781.39026381
1816.01029389
1160.63680023
1656.03358208
1800.76864234
1707.80639623
1111.26421065
1903.42602574
2072.06520506
1721.71648051
1611.96780404
2027.82068266
2451.02534869
2712.02789228
1096.01058116
1872.34224307
1861.690859
1995.07095408
1429.62772301
631.720989118
2774.77348327
2839.83174478
848.034139083
1472.86676298
1877.22480033
2044.21670874
2638.32377488
1065.58248699
1940.85471813
1806.14663725
1964.11266121
1644.44993273
2015.5704173
1917.96063403
1615.11416778
1973.74895415
1990.49422787
1289.57040417
698.248423927
1593.82882097
2108.62258885
1933.1028237
3759.35038907
1718.71605944
1456.35358639
1952.4822531
1288.47809483
2003.04273951
640.48446437
2709.87436373
2644.68030656
1078.43031848
1484.85446826
675.275176178
1606.96369467
1219.2970197
1490.78531453
2274.14116284
1362.62954327
3074.36746832
1767.58566848
1872.8004398
1847.88968555
1935.96297042
1454.73535553
2747.08657578
1295.36563647
1983.4013884
2077.10382732
1683.29539317
709.215421315
2051.16838398
1379.60560041
1955.14792662
1044.66034083
1836.75045564
2048.33895976
1864.99105386
1558.61242176
2115.91078903
2085.94447763
1960.1593495
2016.5356257
1656.83854485
2062.13464882
1799.88695435
1961.22945267
1116.69602836
1916.49149481
790.479093434
1846.77105699
1945.53902316
2007.37056627
2105.01433916
884.237845716
1887.1359732
2937.36501224
1534.61937968
2002.05528267
3842.30075711
1951.36078058
2135.56348946
1545.92267839
1964.71364142
1572.67495311
1861.68345771
2032.25985056
1988.88021106
2430.06185109
1954.41062054
2587.16250338
1581.90793402
2017.46215369
1174.80897507
1701.43894557
1846.04227926
2026.0596915
1804.43770585
1936.89735277
1991.39215652
4186.03466848
1788.28519908
1367.37977969
2032.13628798
2024.88327004
1970.74978331
824.299002775
2079.48934698
1397.58549447
753.648041236
1942.4566521
1801.7370478
2429.60829953
1976.66472577
1638.47252874
1956.29814512
1992.82205429
2649.48747531
1971.40703361
1132.39528958
1580.93919229
759.075606929
1517.32941547
2038.51471522
1790.26569751
1756.9251129
1666.90832793
2961.45522506
2127.23211861
1124.39246674
1442.33002996
1496.91873094
1111.47527202
2395.58817983
1906.83170012
1777.04528778
1761.03240156
1768.41608139
1583.82437923
2336.54076049
1785.83935324
424.261893916
1790.96799081
2031.58700143
1177.39599104
907.317499622
2021.28466444
711.432045082
3613.88946
2147.92508356
4287.75964146
1876.01881815
2028.54942426
2051.85868516
1590.06867698
3183.32060831
1417.90647985
1979.4230699
1952.7608215
952.721412529
3483.37049089
2651.67548138
1303.23211376
973.751131212
1977.5511499
1747.43994735
772.835058544
1859.21650601
1835.05632065
3721.60089089
1139.59384484
3126.70576636
1700.64302002
2014.67732903
1931.90038299
1753.53095408
2471.66040699
1876.08666591
2081.24262418
1898.21022104
1189.04471339
1139.59689255
2019.16564391
2659.32191679
2417.80541647
2007.12351134
2110.61343869
1747.42317037
1693.72911811
1678.50769093
2917.06785588
1961.2501636
1984.61520905
1807.03608591
933.275264085
4653.45586905
4038.80962625
1584.05011698
4669.13617137
1948.32191647
832.39849579
1132.24512962
2497.48674533
1965.556192
2517.21063885
1216.94096556
1464.90529703
1092.90680353
3565.28282512
2963.77248577
1487.04344417
2045.48456003
1951.04458395
1892.52846147
2010.19917125
1967.6360575
1909.24642846
2337.52478556
1828.8029346
1973.77031813
2042.10765885
1526.06087045
1896.92816703
834.759871843
1388.25201108
2753.20594284
2004.09185876
1971.99473471
1978.61167977
634.599226828
1599.86489344
1081.74034765
3022.58398396
681.143493028
1387.67268691
1125.3029187
1994.29782217
1609.54940245
2069.31338052
1946.57731689
2448.91182576
1010.65200234
1126.1380414
1803.08351301
1658.68192823
2188.03486544
1919.24764756
1905.13817319
1851.37003142
1697.57659908
1974.41190415
1469.24972444
1867.641797
3495.47776305
1729.5072585
946.315942312
885.83325135
1720.00366848
2843.91140944
1735.10512245
1673.33556604
2697.96217628
1998.76165856
973.673676808
2746.22221469
3319.05323168
1891.14992696
1413.61831503
2191.35829072
1420.07517369
1577.66706153
1735.96141174
1677.67945605
1522.55253716
1892.03021439
1379.93505624
1853.73755079
1083.70980038
1326.14436859
2004.58180843
3927.32154937
2616.59507516
1076.23818685
2885.90040093
1327.73597997
1815.88443326
1252.06700038
2017.25201248
2019.27870196
1868.49492309
1547.66764274
1906.41457267
4048.33596095
4098.81341268
1613.38355544
1979.94861829
1675.40697189
1046.32416917
2058.32646161
1252.74448399
906.377024439
1796.27249717
1698.38266817
1258.74035513
2518.93832668
2002.11886022
940.322596809
1431.22994716
2129.5352858
2832.15948127
1644.0935149
1836.25719041
4893.37888905
1635.08257236
1538.80592585
1893.76897289
1488.02936834
941.368677537
727.960210064
1380.08980652
1386.22288091
3075.36516313
1849.27105619
1998.99044177
878.740357785
891.475296809
2527.61530827
1849.6318982
1437.86400053
1669.63114756
1934.30457888
1898.09401805
1976.10703283
2015.90908992
1951.39720966
1985.68075094
2031.93644516
1925.90614926
2408.78938303
2409.39280528
2045.80937171
1290.51959256
2051.53039805
1510.81347983
1849.04407003
1617.26446583
723.992501111
2587.05123896
1927.41441807
1892.10078592
1963.25207188
1977.13026876
1970.71676234
1945.89673558
1322.32169165
1802.65635586
4406.76383673
1940.76678436
1261.37675723
1541.51760277
766.971627501
1900.04000174
2041.32054518
1186.90787035
2404.67634419
1081.92381902
2218.63734497
1955.41234973
1027.38451862
3823.7611301
2138.90489196
1340.06692025
2664.4106512
1719.51988483
3674.61620417
1819.09761973
875.886860121
2034.29062903
1923.32691607
2640.83355409
1540.41867481
1872.99994929
1873.79624057
1943.77485508
4018.78768038
1999.0981044
2209.19019052
1157.63683839
850.631673237
1856.13065101
876.23105206
1696.61108227
1767.77215572
1612.15800104
1788.96614381
1807.40080616
1621.82946843
1853.72884873
858.030833059
1872.96392848
2030.78381713
1992.02325513
1913.24000156
1680.74686526
1113.16519579
1921.55767224
1255.02367016
717.596973105
2932.11367215
1279.72961069
1834.47910173
1857.75731165
544.836595741
1984.94438989
690.402460756
1860.91508196
1998.02880278
2258.0200966
1314.67158131
708.072955284
974.421381396
1997.89783864
1944.71417152
1689.29329957
2122.13818285
1592.20251975
1225.45414282
1972.62364401
1898.08359561
1861.97682671
3763.77443883
1542.46852541
2351.55477005
1500.49800435
1901.64746424
727.3844492
2659.29554174
1743.77860572
1901.49733814
3248.55246988
2074.07500712
1395.09840109
1492.21806372
983.481527295
1190.43675081
2034.31705843
1866.73593524
3136.71352899
1981.92156965
1948.9967657
2677.21436646
1125.19276483
1699.18880808
2500.30132407
1743.89781131
1025.67616277
1076.86744255
2050.00613938
2635.89028324
1981.80746748
1944.57757617
1999.47856963
2128.74810063
4000.5235076
1982.63370898
2100.58318582
968.491789703
1913.6370963
1804.8056216
2517.1177714
1386.10479665
2584.60975145
1022.25910845
4255.2645464
1815.19469405
2013.01458737
1568.14288011
2061.92723882
2045.92331119
2056.0125001
1017.03261968
2214.0937726
1965.76226475
2070.64246316
2036.90669691
2022.29487801
1786.4819443
1164.81788748
1995.53850531
1935.01508547
1295.13857947
2044.19433384
2922.87282207
3353.20086897
2026.29737529
1548.0700515
2046.15342177
2276.99677098
1658.49662351
1720.70709263
1697.54878638
1340.45972653
1940.0666075
1642.66492354
1865.51085456
720.377443292
1247.57730394
1895.71767372
1567.46161023
2009.12328909
1492.2228571
2328.73056479
1935.02396261
2213.80051098
1763.71108591
2137.8419734
2009.46486473
2003.75680243
2552.2804162
2037.70849948
1242.09266023
1806.68959545
1573.65504614
685.782218175
2912.70215095
1892.9646489
1076.63179956
1382.43976686
1295.69843207
3294.56384501
3021.61048941
1537.40290627
1946.39997297
2590.36902657
1407.81513598
1942.09678779
1988.86465931
1408.18013481
1688.37910149
1663.19124227
816.192330829
1928.91594739
2728.36021094
1340.89594177
1489.17263036
1832.29444366
1882.97928623
1816.28334414
1952.24155436
2135.842227
2918.60231541
2040.39790097
2064.37924734
1129.91951349
1969.05306635
1440.36836861
1906.56324172
1490.88284507
1846.93020094
2388.09121496
2051.66012417
962.477788498
2033.96934851
1127.76344982
1554.35413476
2477.44477637
3113.98997785
2301.27299767
2029.73151941
1857.80940557
659.161698812
1618.65851648
1345.15677106
2059.07326033
2072.48116619
1308.43996561
2589.7202884
3039.01765473
2095.36455108
1368.24216939
1877.56893248
1883.43105064
1933.94714188
1129.05803552
2074.75973901
1954.15841411
1821.16613578
1744.49316808
1683.33377779
1049.98785833
1904.72984698
1841.39632781
1390.07239714
1759.46301558
1913.64879212
1842.61145232
2098.54611862
1971.99093018
1031.99967542
802.821633194
2097.34589501
735.816564457
1219.25764253
1550.51495547
2955.50144934
1473.49990674
1754.65983368
2381.94421732
1466.92660147
2056.83867495
2107.09329152
3614.8254541
2098.28264343
2064.81243541
2117.06037135
1401.30528064
885.031550301
2010.05105497
2342.59309362
1307.54825508
977.613529305
2044.29809772
2814.74172551
2048.6413558
1044.62118415
2543.51312582
1091.46911924
2020.12898924
1214.18427769
1284.97203168
1336.8822232
2368.25788068
1761.32346007
1860.73956458
3135.88857927
1759.73394003
725.906466933
1298.23391625
2429.61009404
2043.80253581
1765.18970768
1748.54218053
2110.61641245
3047.47775736
1563.47555514
4161.7821742
2567.24599021
1895.37521068
1874.77695181
1251.06826677
1951.43338562
1667.37558914
2007.37080487
1880.20903413
1548.91296874
2086.97516755
1240.40449744
1839.34844997
2033.45314474
1817.48094036
2239.68717856
2108.00762634
2003.38861555
1396.6638222
2953.56363845
2126.93785599
1704.74055484
2053.49268636
953.219634995
2005.32592026
1403.81699287
2254.60324631
1658.04063607
3748.62643875
1243.21828568
2069.66210532
1992.39968337
1299.49637797
1934.82550602
3236.51636085
1880.69219217
1816.78542984
1701.96094
1948.58716828
757.155260707
1899.28597544
1791.24028691
1318.92034063
2734.30312599
1598.18979689
1934.88676744
1890.8764662
1603.29310216
2007.80317893
1709.10269655
951.594194438
3382.15526894
2691.70165497
3252.15591915
1651.84389776
3381.37454868
2363.06812424
869.643995349
2006.42752018
1829.93200905
1681.17745417
1976.68294769
2048.07990701
2321.18087697
1166.88148176
1990.52076295
847.128068127
1491.74220664
1638.95183278
2016.65705913
1951.75070131
1957.77717082
1710.06207959
1759.32909973
1662.50784157
2086.92387728
2052.84654014
596.218502559
1842.95219524
1688.59331454
2019.59629727
2004.46032183
1385.56068569
1570.84489908
1670.2970784
1281.89744901
669.4063975
1895.22413024
1962.20139232
1946.97005586
2250.11068819
1863.4485183
2205.543296
1223.09488251
1963.41222642
731.139790731
1159.49473229
2156.3136684
1051.8101142
3271.02794287
1620.61978166
1941.34624877
1923.36017095
1497.89150551
1845.21051362
1885.77879374
2230.47527833
1999.31869153
701.830211816
1847.74737752
2969.09477694
1827.65165724
754.843243209
2016.67828969
1295.86064853
2908.42665711
2401.73594126
1925.1138885
810.934704835
2007.63910067
1667.73467164
863.166672134
1967.68506815
2013.18923151
1868.56861341
2008.62058482
1323.25480503
1469.16013347
2018.90038502
1720.59446962
1269.9482518
2150.85292654
754.468634842
1702.78019621
2072.86945061
1800.406219
2064.42260921
991.329238113
2080.75401479
1216.60013614
2004.73107856
2721.9441337
2040.71075103
4133.51305051
1527.26479957
1564.9702807
2011.09454799
2199.9152027
1742.58636215
1906.55523079
1981.53207385
2003.19217913
1676.55699602
1746.96314804
1332.50338453
1369.12954111
2017.93370427
2755.94127386
1776.47373184
2535.65664924
1595.38999224
731.329867613
1489.71883522
1984.64140848
1770.64825994
1931.10249002
789.016416879
1948.28167215
1601.62043768
1504.66723176
2091.11569653
3217.09460815
2022.96268806
2006.23825474
592.346156109
2004.81842134
3709.39351387
2264.29707593
905.426540808
1997.74377111
1816.94742915
2118.05597467
2096.83856644
1724.03755547
1939.32313979
2051.97162862
2076.00785843
1158.12160653
526.599235118
1819.35122296
1262.70393584
2044.29719264
1678.14358283
1831.99971943
1948.51060756
1255.74285819
2338.98344562
1929.16829381
1674.501044
1963.09918885
2087.80990072
427.352493415
2019.87610479
1644.35252448
2296.70939096
1211.78968823
1195.39041742
1973.42015997
1594.98147951
1079.15115734
3268.43669151
3630.33873693
1405.92918044
1955.23601892
1844.07795056
730.199138951
2035.90525621
1327.9266516
2000.52514031
1263.28582309
820.456534345
1318.36719337
1958.32781636
2188.79757093
2142.94155344
2213.18983974
1945.17176607
2050.30012516
1160.2399595
2092.8526465
783.740556895
2033.84304508
1774.34413495
3775.82275761
2085.7507087
1685.27964397
1970.7707405
1651.01511658
2125.45761434
2295.03001381
2656.38504211
1898.77457522
763.571797577
779.455287105
2260.89545354
1212.02957224
1954.89361938
1922.72226077
1435.78104979
1659.18520654
2092.27691793
3424.58099283
1741.04190211
2820.82265058
2094.6121504
3546.7389701
927.564393039
1691.62092124
2223.3340273
4132.08127113
2024.87182089
2282.03892562
1812.08921802
1892.97346924
1876.80923688
2653.02109878
1434.63513165
3687.74879627
697.519065866
4263.7204229
1904.96436332
2843.1969473
1724.01743168
3682.24948835
774.109832931
1620.74531605
1896.10855488
624.355342601
1695.61786844
2496.73560519
900.642203108
1616.8715068
860.071937186
1530.47215851
1926.94031243
2084.11856332
1469.78645186
1246.91203858
1066.06966282
1070.78279568
1712.86209571
2026.46021561
1703.93311828
1871.92126754
1974.6408862
2004.99445405
1546.26882407
497.881108694
2329.12465286
608.328834717
1450.88154049
3191.70439231
2116.89691148
1618.29852095
1895.55958557
1284.84747491
2118.86491931
1833.14036011
2002.46137045
1957.54508237
1585.47202678
1691.63691111
1942.90743623
1327.96432235
2507.96862531
1156.19000845
2296.36676849
1138.24502882
2238.1563467
1937.96039005
1954.92285075
886.948083641
1536.03268126
2247.02742439
1797.83507863
2035.98638236
2661.5010998
838.846386846
931.446537833
2720.14433361
1815.12145319
1552.95651252
2191.24361734
1970.57999723
2413.7843547
1859.0242489
1410.16489568
1988.62558147
1231.39579484
1757.77375224
3341.0999863
2353.91876204
4026.81095114
1775.32332033
1359.64472931
2213.0387881
1330.77148409
2784.53582343
1546.22139846
1845.41442779
1972.97592528
1848.46382254
2219.4826944
617.394353653
1039.57398959
1860.05299364
1078.1729288
1809.32310011
1433.60902816
1815.43857997
2098.97116052
1886.06196075
2312.52726072
1755.43734971
1727.580088
1995.93831445
2578.61951683
1839.79898938
1982.75640295
1172.30441228
940.205374287
1970.11958056
2002.46213285
1829.63487404
2014.45060606
1933.46631982
1979.1823243
2900.73799953
1941.31142898
1881.62257286
1870.26085854
1940.5884528
666.046961596
2082.00128686
2354.42710018
2799.76913904
1096.97257195
2019.30595338
1732.21249388
1972.96122599
1662.76390565
938.984722187
1960.86016351
2053.14598348
1076.76874777
2065.97399621
1617.79499838
1248.23821004
2368.77820398
1954.28555581
2090.6247609
4158.04873168
1929.1413155
963.550091919
2036.54993965
896.328829723
1769.19123926
2178.727347
1606.94284379
1969.17181065
1575.10855941
1794.7653594
1944.02100549
2499.63539719
897.376928721
768.966790943
2149.64883438
1574.26419394
1979.03193476
1963.89688487
1052.03635011
1529.20558052
968.899301218
2126.21440229
1879.70028447
2058.30335578
1728.19768652
1945.51495099
1148.00515982
1976.55343356
1722.49227042
2254.46884994
1992.4333596
1418.93945246
1753.08289312
596.860194445
1949.4027564
3290.50779373
2834.42753855
1651.75231372
2926.75803645
1727.62533403
1179.67085674
3834.30662123
1718.65051139
1979.96403296
1772.43112898
1833.88534792
1957.87674861
4134.09021238
938.334772146
2190.98045704
1779.88099667
591.296223299
1535.00452339
1816.08117718
2033.95976108
4005.20918463
2521.52330315
1888.70065581
1876.7308083
1681.39644694
2700.38654893
1890.62184349
1977.34196168
745.406027864
2338.28467087
1906.67443941
2051.40490615
1778.63708442
1681.852254
2684.37007812
1962.00456685
2666.60009132
1931.36562857
2089.10227265
1811.16410435
1571.31012965
1902.70645763
1615.45238575
1702.117323
2043.46915948
1649.1705262
1830.80083263
2032.01145624
627.775985494
1838.13799491
1897.05716245
2991.09534411
1962.13567292
1350.21021617
2219.85683517
1773.10983559
2939.67541102
814.568676697
2090.26401934
1920.06458423
2144.59159703
1976.72325384
1769.62024993
1701.85339521
1210.85829188
1492.24229189
1584.29509116
1304.83883644
3805.23541117
1308.71728868
2134.69182762
2275.40103702
720.613044584
1709.12505207
1885.59587347
1589.46292781
1911.63031743
1754.36129568
2541.72133681
2170.38745457
2285.02253572
2133.73156029
1709.84333108
1861.74679154
1424.80499057
2224.45663001
1979.98055805
3440.43437954
3278.67599701
1191.63879613
1352.73292083
1275.6168348
1885.4044846
1998.70976629
970.534508178
1487.8091478
1449.5114151
2799.62586139
2508.29727346
1947.52425183
1983.81701027
1793.13336591
1877.41006914
1941.6776522
2572.61252011
1164.02972243
3733.17719815
1818.11653061
1859.5184639
1038.46570268
2366.61382117
1108.98111508
2092.93811928
2852.41908769
1890.13954544
885.014136537
2022.60542572
2034.53577749
1618.71874984
1955.38179281
895.635258539
2036.42587996
1966.87310774
1945.68247267
1344.2492929
1457.70993735
4497.73183608
1854.81756516
1768.75194717
2070.75022026
998.339077621
1948.15612537
1721.04181248
1982.91449004
1281.45716407
1544.98031157
1857.2217241
3405.41553351
1968.38154755
1955.34588926
2033.03068336
2776.71273193
2585.6384615
1915.87223359
1634.77159671
1739.52121712
1524.53559125
3795.74752423
806.106249956
1651.41395852
1149.43156001
1039.67958913
777.615969139
1287.9329592
3009.70898127
2014.30089558
1400.15699951
2132.35784486
1853.42011804
2915.00351125
2005.37331593
1661.30151985
2104.60490245
1690.89937842
1530.96391213
1709.82026945
1710.47066294
1101.26907168
2105.64223657
2035.02164941
2098.06076668
1683.79763494
1704.32035687
1903.63612449
1982.06417207
584.921159015
1136.42932873
1934.28646668
1872.43889857
1984.15686935
2033.66109167
1837.69510294
752.858827594
1972.015898
2349.55435905
692.332259436
2136.91050892
1982.49223635
2657.18203316
1206.9307581
1751.04488204
2061.72638047
2177.22225459
2096.72475772
1770.5906944
1529.36088461
1193.48072932
2068.28200206
1641.36910602
2273.02031666
1957.94365243
1715.06196101
2047.62035092
2455.83933681
1977.1916675
1937.36849539
866.867027786
1723.75011635
1910.0033322
685.941149145
2128.61707588
3172.77823687
1508.5335372
1851.28574308
2295.37057058
3133.85860438
1829.31173953
1461.45878726
1658.87321833
1879.36822693
1936.05769267
2974.87081935
1970.23799406
1707.09494754
1972.39792983
1841.63171627
734.851787474
2580.85122781
2453.20715105
2105.01776071
897.403435531
1707.76764644
1753.36326206
1944.55079288
504.21399042
1264.05281827
1844.35808948
1869.39491365
1371.20145233
1989.77589368
1459.0024886
1425.37480941
1648.7926471
1715.7290381
1953.46096897
1026.5757191
1926.82354201
2011.67596663
1586.27451775
2289.82426852
2132.18586075
1861.34124665
1591.4543389
1947.19292813
2007.0921535
2040.30489286
1788.90731857
2000.73985737
1998.30015978
2697.51812031
1787.83098474
2945.24479338
1818.2486466
1897.90682585
2162.40068405
950.803387361
3425.79590798
2861.22874871
1499.31664484
1831.98258877
3401.42095382
1805.29805866
1252.43428984
1751.47569836
1864.35687074
1494.81085311
2039.35642617
1430.9003562
2639.8655177
1930.59704378
1992.88727594
1059.48425767
1554.00460047
1716.45260913
1960.52772174
3214.28124755
3259.39119416
2224.77177006
4248.84151201
968.077096716
2567.43323535
2056.46144513
1735.88573954
1963.15868611
3683.4079777
2006.24465163
1247.28658121
2381.64696218
2283.68628172
1955.21985903
2367.42472399
806.56622989
2221.28532615
2330.43906381
1988.77733741
2603.18487047
1327.18400591
2096.69290316
1836.76931232
1473.21852403
872.855923152
784.950137059
2037.74831356
1215.70766301
1704.5223395
1926.4928027
2056.95142831
2267.43167979
2072.05326142
1093.59274553
1915.37468157
793.361540212
1895.18770284
1985.05611376
1962.6347866
1971.58100402
1479.44851918
1371.71730939
1871.78204589
1839.50630927
1783.13827839
1671.68357355
2120.3963928
1822.27022185
1857.4243576
2089.7339447
1779.1441969
1903.67960018
1496.2892194
1794.99562267
2173.0872657
1645.61286014
1915.79316446
1764.68651181
1643.55204795
778.367174956
1980.0416036
2010.56818174
2060.90616035
1107.49708933
1339.23263819
1986.64915834
2046.72554237
1666.84792604
1848.68160939
1916.09946165
1835.11246399
2072.50375901
2843.20796283
3076.95607441
1564.44065119
758.637950784
734.716283024
1011.28924291
1739.26339805
1916.28785623
1516.13908472
1055.99807145
2285.51820683
1932.5116437
916.782196209
982.09335614
1806.33085912
1587.20590485
1228.7208843
1398.21873577
1881.80341105
1818.17151904
2004.69485671
1247.16724559
2282.70031612
1205.67361247
1326.60636121
2716.0122304
1521.95188589
1974.68510391
1499.47801974
1753.60057382
2134.45691148
1847.14212719
824.858889254
1416.75651984
1337.31537195
478.418666877
1761.22355744
1959.40496516
2011.40534098
1716.99751517
1163.60592226
1894.01133835
1816.09502136
2029.17413728
2099.1051708
2650.51594218
2126.94563058
1239.84440026
2054.01421087
817.834570666
1845.7910587
1627.4423476
1892.34145923
1435.87785463
2049.82024829
1570.20254789
1983.26423934
1933.54320109
1418.57966524
1521.9462545
1949.36032557
1683.01143777
1994.85531376
2380.96082482
1071.9675906
1862.99774198
1996.30278168
2019.07001986
1806.32769506
1976.71261995
1066.01539245
1382.03138817
2551.32722773
1062.68209974
2076.39871008
1510.90533752
777.657079566
1842.11352058
1198.89837472
2083.64586771
1610.07415976
2007.97605637
1306.27063033
1910.01100509
2643.20144272
1700.1848915
751.89080569
1886.55585366
1361.23629541
1447.43185617
1077.9324014
1985.27082587
733.839861428
1555.2856915
1844.56293623
1958.05752983
1608.04266045
1893.31500635
1334.83532139
2084.84641496
1783.1083798
1494.89378083
1907.196862
1972.16819745
1842.933325
1125.5489752
939.999448191
1938.04563984
1528.29000847
1376.33965312
1312.49328505
1993.28016624
1947.71685211
609.902704017
1831.24949749
2618.92241544
1883.63007406
716.257971253
2644.86670931
1239.08898915
1944.4533339
2563.78729408
1787.32635789
2023.73853408
1980.21858253
830.767554219
2021.58472344
1632.03585223
1735.3779033
1529.461912
1808.70991638
1844.47933159
2549.62150909
1344.81147008
1438.75928998
1988.83139228
1772.02226116
1877.37592036
864.960570511
1028.82224692
3167.81716132
1639.34219162
1901.96878242
1336.91888077
960.120254597
1691.61452418
1651.96288023
1981.33303149
2307.25775296
747.416145761
1429.76879163
2148.81333462
1265.81185484
1945.59757408
2094.08076174
1739.32112121
1285.67273914
1934.55598019
2016.84734878
1628.21009855
1999.98226366
1875.60390125
2116.09300185
1802.89980216
2000.10612638
1289.31117659
1445.60816378
2020.48635293
1240.73172204
2063.7149009
1828.9834245
1874.20771452
1724.75916151
1772.36507265
1975.45996735
1802.4037114
1950.27883072
1408.54006099
1869.61177322
2037.03950275
3149.35276178
1592.4309944
2707.7251981
2917.29595883
2008.11267344
2007.61060788
1947.46947379
2123.38131965
1812.63794989
933.523705311
2570.39467413
1874.70016471
1867.70987635
1158.68993854
1485.21778194
1408.2672728
2016.00448828
1850.19846877
1882.19921636
1656.53145254
1820.94779339
1765.82286659
1953.340938
2274.40219916
1626.02769252
1059.58955013
2393.25799006
2099.68226249
2495.60446252
1364.50358831
1603.10225854
1505.48105522
1814.83389903
3150.0025099
1506.44076701
1168.37227782
1383.82612628
1704.02338763
1777.37641778
1021.16789882
1856.37427495
2025.59096693
1841.84481681
1167.63706885
1849.23202845
1944.12834247
2097.30555023
1888.27818053
861.099702704
1850.5734535
1647.69974239
919.701783158
1957.61431395
617.12660229
1554.08095788
2059.6527833
1973.34785598
2247.8949408
1400.08473818
1825.00566396
1977.45289095
1824.81353492
1548.50352506
847.518950764
1196.78065498
1683.13244779
1233.01652988
2929.77507518
1813.49228098
3559.57447384
1782.42711887
1721.4681928
1275.01790708
1817.6141517
2732.24842224
2178.94437454
738.224137911
1995.11650007
1854.51405038
1251.58596577
1924.6955662
2102.55760451
1260.33546336
2027.27866159
2000.91063073
1535.94858601
1962.00421483
940.864689244
1746.67460852
1035.53029971
1384.7911089
2028.64627157
1733.57077755
2003.34782096
1423.98073401
965.08090126
1707.10357463
1730.45718214
1503.4715671
938.194792354
1831.59644854
3799.14417669
1379.30433641
1885.81728419
3051.05212556
1963.63791096
1644.47351943
2375.68440855
1680.08358665
796.236582349
1081.39104383
1891.95928173
1780.8090622
1975.88844949
690.111483604
2061.49143798
1504.01789601
2051.61639544
2647.04546195
1977.70262228
1979.47249692
1774.96623612
2091.40111648
1980.71064992
1944.9024252
2702.54771565
1859.55575093
1887.45387358
2063.73453327
1868.21983049
648.186476221
4397.65255032
876.832435736
1068.14788873
2008.70174778
2112.54905641
1696.59278696
1306.35938613
2885.07003269
3028.46199867
1967.7452565
1937.81662572
2064.3927706
2023.54331898
1912.7669497
2040.89652081
3268.79516099
2335.2721816
858.45984281
1187.83353076
1928.78538553
1970.81708237
2825.97424809
2029.1442827
1772.11345255
2489.27712934
4490.32026642
2658.96898022
957.454155206
2056.62699322
1996.10778772
1470.81877549
2436.223644
1180.55845413
1933.81573787
1921.30654835
3024.63829073
1692.24757062
628.471311919
2047.00635001
1700.45345753
1867.4020524
2192.57733656
1734.43657534
1769.90543729
1851.19104084
1969.33299625
2096.16147931
1790.67142626
1957.89016371
2003.94275843
2082.32460152
1636.40426577
1758.95907888
1357.28738697
1953.8687795
1948.69764452
2074.85451792
1581.8136971
1867.57824058
1910.24149108
1954.42232541
1795.81881523
1846.47821065
1235.18173599
2052.43969253
2030.93764311
1399.40080419
1972.07660233
866.411231267
1939.05902647
1722.00623977
599.719180461
1988.55720103
1424.36200623
671.176914892
1912.99540836
1981.42380264
1900.9026145
1951.57710909
2224.07510377
1950.41100804
1948.92582265
1233.85578034
665.236391979
1711.30440044
2121.38643427
1315.28763348
1611.87928265
4959.2353615
2045.50242031
2323.21851158
1277.13497161
3618.40258571
2005.63168933
1387.00811836
1825.3001286
2979.68884592
1490.57556064
1318.62752816
3031.35946727
974.682157092
2336.12298358
2014.9482547
1643.87079385
2373.26779249
2001.3176948
1552.01495705
1969.96988294
1714.46127786
2881.49504247
2617.23073102
3062.59597514
1822.04881452
1556.13463831
1854.81914087
1790.13319516
3534.58822936
2638.154464
513.788057029
2078.35707172
2023.44653815
2100.59140381
2272.88194019
1168.13745614
3665.71032183
1979.53117111
1951.56279431
2052.50493456
2568.03310563
1614.95889717
1731.10467533
1712.0163019
1615.88402496
1052.73574289
1240.03832622
1776.44278428
1725.50994587
1953.94141752
2016.64454866
815.435880744
1952.63971117
2031.32166816
1645.74608224
1942.27557156
819.728713337
1998.79562195
3213.82413783
1206.82677855
1765.38616252
1939.2172363
2118.14099432
3075.09091276
2114.27561238
1441.988342
3248.11375866
710.528554975
2005.15014992
1257.40943525
1116.92076124
1915.43229645
1952.78886047
1847.27379733
786.881491985
1466.51360301
1922.3973774
1150.54682774
1096.79531719
1852.34502883
1929.2501085
1863.14961584
796.880057254
2057.55922594
1990.95610151
1760.18300881
1841.87044575
4225.98684838
1973.51466147
1068.30291014
2648.66693095
2077.98519726
1843.73781731
1927.44974728
2071.15028783
1943.96541304
2023.12716554
2031.05594898
1950.5212406
1877.9370678
1119.81100954
1924.8362734
1948.05183513
1929.91189567
1876.64812682
2077.24706064
2750.8457166
1817.20880661
1433.9929539
1771.61586682
1209.59385759
1815.32197507
1935.3071566
1607.77887486
862.679664998
1571.06110883
2835.25414862
2106.88583924
2015.21865934
1419.87141426
1269.34315749
2113.64799968
1778.12468169
3037.31289729
722.832916083
1491.00559761
3003.70929267
1424.04387932
1942.925434
2018.23617813
1831.5503824
1074.62601447
2384.72567971
1497.36011869
1867.40156801
2002.41750479
1875.2514889
1766.35539996
2149.25712784
3033.9885476
1899.23342241
2080.92618831
1560.22967224
2008.92559501
1557.01082497
1735.34382774
1908.63511163
1722.69606507
1990.45317914
1953.6624789
1428.01340039
2741.7308654
1678.3875998
1775.41137669
2639.93759836
2424.86905793
1938.96706278
1382.29283259
2095.8168711
2106.04643139
2532.89020877
854.774592371
1795.86240585
861.751549292
3307.6948423
2977.45021292
1710.55560486
2017.04096803
1240.11054575
1966.09920164
730.125600907
1982.00897431
2940.40372623
1916.41717796
1247.5604435
1509.53044816
1563.18097761
1535.8053626
2208.3326783
2145.87411035
1371.49631007
2000.16236445
1970.07702257
1660.72972734
1727.70380118
1245.57395667
2555.51393619
2107.46658908
3244.8271924
1892.49390647
1743.90225096
1800.7250362
1890.53953445
1764.86239376
2311.5839542
1812.63823003
1894.38300609
2022.35546965
1495.38002965
1957.35593777
1541.81788674
675.805349337
1606.80001831
1914.24442865
1967.33471003
2351.81159996
1999.81929314
2718.11211975
2361.51491083
1714.31391717
844.398667689
2375.82489532
1890.27963928
1845.54233526
2500.21807922
1312.35541021
1031.82685675
2100.29339634
1716.15256606
2156.23873185
1539.41301417
1859.38737123
1874.91305812
1968.0802007
1298.31695656
1930.94716011
1841.56052967
1356.26775607
3552.26393444
1237.59519401
1188.69486357
1505.05473736
1008.72721066
1349.47495965
1353.41910729
1833.98446942
2037.70194258
1829.71081796
2055.64192077
2465.60573301
747.353395723
1819.56391796
1777.66954854
1976.78063692
1700.92125806
1921.40511655
1152.26235
1508.59202542
1557.65960585
1996.66741798
1080.0255354
661.658156812
1004.29725375
1879.9930787
3683.08276741
1033.86221496
2218.74470606
1962.3522978
1054.67618381
1977.67249056
1944.4950818
2227.78821622
1886.70061199
2084.1768397
2071.01444024
2396.09664352
1010.81873401
1506.61016016
1995.09745347
3041.30241831
3070.63121074
1661.15264629
1941.52549294
4018.01122721
1864.39085746
1617.34064376
1087.03258238
3066.13198552
937.463970891
1972.55141416
1102.64216728
1951.90665055
1951.14277387
1719.67931492
925.216622048
2705.4077262
2115.86559398
2655.30469561
2043.05414533
1030.88729098
2012.72270477
2246.09521996
1858.55628295
2051.83569124
1580.40424444
1659.67696011
1853.10273612
1969.63530242
1925.76218338
1721.71701972
1864.97509586
1092.50575307
1965.42601293
991.074946979
1826.43225547
2247.40185629
2056.64184672
1850.49688633
1041.42965512
2155.77105364
1037.87720034
2028.28855286
1380.67636399
1342.44613551
1585.88506359
1566.73786318
4087.48112877
1869.02912757
1832.53326599
4473.44304494
2522.16410643
909.045189566
1437.34033462
1702.20112547
1813.14280793
2060.33835659
3153.1915753
2641.27792615
2048.31081794
2155.04021103
801.129821778
1946.23227797
1380.3623809
2119.11792345
634.325974202
1940.23851786
1901.12179225
1989.90571954
1836.711421
2862.49294589
2123.74366433
1746.59867862
1791.7234076
1416.67077825
1982.31162551
2178.25305378
3267.49427057
2099.73728944
2746.66442024
689.822238061
1325.51503613
2936.81626771
2626.02623374
2019.70536021
1516.54805485
2306.42471526
1813.74664869
1858.03719349
2696.12653189
2286.23777292
2045.82843918
1550.5619674
1912.45666898
1171.09818194
1384.43938772
1521.33518089
1557.34068869
1846.38011328
1992.08419447
1687.33283927
1644.87526686
780.15148032
1165.93375742
1911.78093059
3339.67227462
2074.60448439
2009.28923862
1021.64040108
1973.56226717
903.607802374
2016.30787962
1822.05161862
1730.65372869
1986.11922041
1902.04649677
2060.99904552
1871.81792121
929.88224621
1337.50726827
1980.72281547
1983.18477434
1291.6959038
1927.57122732
1344.12995547
3281.38056334
3964.40323703
2040.47643022
1708.20409948
1991.22690245
1954.09868212
1941.49096118
3624.76575363
798.082997222
570.073489774
2044.23013289
2016.8114301
1999.78507297
1395.04413896
1070.87187096
1727.40478018
1995.38790614
2133.05623973
1594.03194282
1563.35340538
2761.02923317
3862.53911191
2113.68157133
2710.21791514
1972.5902042
1770.96534178
2084.29929325
2425.57039059
2049.87793882
2073.97900383
988.717273104
1973.77186599
2971.85628588
1794.36313834
1160.64553608
1868.5107685
1724.84692123
1653.65628696
1744.20187924
1947.85151128
2038.7550142
1959.3249055
1789.19940916
1231.49390653
2204.50411267
984.556976125
1732.44975502
1335.54374786
1764.84369716
3905.5859467
1018.36020793
2061.59846011
1878.80470635
2010.30019718
1604.66445496
1865.42810216
1951.90054867
2191.7602824
1889.15483412
3129.19961265
1868.86060246
1047.04176912
1920.5320052
2393.90618503
992.86664092
2037.84481436
949.248185552
741.354451476
1190.77315653
1964.55800662
1979.95943923
2258.41756803
1962.38195456
2042.8551096
1417.06502626
2020.73822536
1799.21103389
2515.58716966
1850.69241362
2559.77406362
1755.94025099
1054.08794254
1624.656922
2019.39077655
1934.11364652
3179.75740473
1428.02738866
2553.88533567
1340.64189268
1160.93401804
2231.08651254
2009.9602311
2032.05330784
2634.50394851
1780.23836286
1990.14248215
1492.30694077
1847.53750921
1398.45863183
1589.29462607
3549.74187451
2680.82425949
2158.49373422
2069.02290302
2036.06967908
1912.13100665
882.235854549
862.925054754
1943.18325061
1946.0229827
840.731480737
1956.54613591
2050.31126806
1966.03411342
2040.05394634
1996.12999489
1842.10375701
2061.67407275
2142.88296066
1617.93071844
1523.65643176
2077.09201687
1751.39016614
1052.89645859
1117.79463321
1847.63184235
1955.65981923
1456.21242837
1891.0202677
2003.87145938
1928.22213188
2696.73179823
2137.11407067
935.493554695
1480.55288592
3506.52291085
1530.26795861
473.519201279
1976.17004794
1622.77499084
2371.21345735
1221.3511303
1674.93037983
1975.03057693
1940.06173738
2139.93742905
1774.91277816
1934.78263173
2029.58266987
1227.76118984
2357.13710191
2140.97452026
1561.27935994
1801.46266878
1935.93739751
1322.96689549
1530.43138172
2081.66084841
3833.78773252
1831.35563398
1574.72270229
1933.4322229
1847.06149481
1953.71031448
1792.14345367
2056.56481335
1543.09879069
2030.40189422
1900.86006199
1882.61474749
2040.79171422
1995.43296057
1830.53543646
1266.85483359
2278.07800433
1848.66466396
1740.26407133
975.197535574
1523.46613524
2528.59533494
1182.8821587
2022.79205003
535.792525149
1141.01802571
1713.42202492
2073.77991835
2022.79985649
1975.58808778
814.396327367
2813.86915921
1717.27394937
1398.04526039
2290.55274249
3031.23415947
1143.87540789
1053.98968864
1183.45066429
2702.62099577
2823.74040123
1889.90304426
2047.46500623
599.050139755
1189.25913234
1726.16879535
1959.14881436
1685.0473764
1960.7746722
663.889307461
1916.73668952
1613.05577482
1533.7426638
1955.92503977
2050.82571616
1683.76153895
1457.61111762
1066.08882332
1867.51324396
632.583161937
1811.25717133
3116.04712692
1964.63529913
1882.55749413
589.355283056
2174.86250108
1489.62611209
3745.40981154
1824.84047561
1489.22930527
1522.21197704
3201.03725965
2451.48813993
1857.66601621
1915.41723705
1788.1171198
1590.27632282
1750.9142999
1649.72914163
1651.00913205
2044.66239494
1596.68393888
1998.27074687
2291.89874148
1885.26852364
765.750412007
2035.06591829
1153.0392607
952.527872739
2314.62690564
1460.71152353
1812.59033301
1024.74161375
1996.84735518
1887.74591085
2010.39467762
2078.55467449
1578.87638006
1860.90186204
2782.14967343
1041.73398911
2061.89664272
1853.27084257
1543.56232744
2291.34283096
1386.89763615
1846.04267517
1822.40816705
870.954423998
1695.47907968
2027.92555351
1754.33802565
1563.58182475
2344.4851308
1925.32071621
1136.60380981
1184.83061132
831.084949691
3913.13747071
4351.76858278
813.823144528
2353.95104124
1928.20273261
1915.40967895
1178.82458469
5426.02763971
839.313275357
692.357669042
1958.44614331
1404.86680989
1956.21459159
2331.77161938
2009.21576058
3199.88685828
1908.29147814
1622.11895805
1989.92046188
1299.99394508
2032.18141094
1113.2320073
1455.4434254
1022.43466885
2683.10041739
2057.65507469
2606.20163711
1931.56283189
1951.31700389
1576.18010226
1890.22241178
2120.87858496
3207.26055422
1929.12123389
2510.69584667
1981.62359289
1339.31335125
1982.78960491
2064.92648209
1897.92392028
2042.07974092
1922.53934544
1972.53887148
2698.38008487
1659.55111878
1872.55072277
2452.11575437
2045.54159667
1022.47200408
2046.71470315
1799.56183193
2188.99648108
1642.85500746
1663.95485812
981.582038403
2045.38787404
1689.89681606
2696.90136991
2924.85790513
1967.41256104
1981.22384134
1950.82085352
1971.76012048
1900.01626654
924.632869041
1641.81245896
1462.53262753
2069.06088606
1275.16049198
1792.03493972
804.182335003
1240.46640053
1818.30635923
2097.94523482
1233.64995397
1573.88546271
2508.37896179
2061.87795973
1331.9645703
1552.56002484
1844.87153255
885.440643917
2111.99106887
2357.27231353
1137.64137862
1790.7572548
1690.09212443
2782.19008943
793.753648767
1961.77773439
1983.34692548
1996.03977046
1053.57308194
2123.24526178
1954.64465586
1336.25575855
2067.98850787
1678.60253272
3077.85001851
1974.7046414
844.330535928
1047.13783508
1744.96328234
1647.50063862
1837.25879528
1823.83546942
1177.69044755
2009.07881526
2169.86359011
1956.89609408
1979.17923025
1971.35437277
1926.80190118
828.819794948
1322.90548217
2212.86326478
2115.75623026
1074.80260821
1934.13524472
1429.73933296
2011.44467446
841.9364358
2020.64877419
2010.95597473
2463.52926857
1967.5049518
1727.84938965
1641.17714562
2672.0686398
1373.02316852
1157.97476044
1842.74852834
1770.60245192
1298.91980393
1424.78625307
1941.40684454
1743.27982271
1806.09452024
1934.55046654
1567.67399678
1193.13032646
1052.44885962
1906.13717763
1747.36888275
2263.82023117
654.9104746
1226.25584306
2225.09773936
1959.4585405
1506.54316965
3718.34349946
2153.47551971
2031.2068166
1587.67076542
952.775478064
1963.38165541
1868.39296416
2759.62450639
1946.63241363
3457.17870181
1447.20131564
680.157636227
1390.15234917
1536.25325016
1896.94223276
1907.36493226
2043.17868121
2147.68345255
1968.98160531
3395.86276243
1802.72071096
1190.81076425
1921.93943999
2150.85240421
1913.25180225
1521.3427704
1853.23933477
2488.24321103
1299.56431687
1976.29703779
4790.58963025
3066.07600345
3248.81481887
2731.39985129
1654.67161152
1914.01677924
1857.4018037
1725.25330312
2829.76557892
1982.22519913
1838.17614142
4043.69093289
1952.55915767
989.08814887
1706.61614503
1601.32266607
1986.91948129
2084.6402745
1777.36417519
1964.58799068
1776.47673672
1851.23012566
1981.33492173
1945.10336103
1793.34986355
2015.21199536
2621.17601518
2584.90201599
1758.59120681
2058.90295305
1647.75792981
1594.97604567
1934.20366741
1770.83636161
1679.39189109
1833.88277414
2165.61699595
1889.33134364
702.116664365
1554.86668401
2690.40908703
1460.24440615
3760.55992061
1741.95357842
2105.37655664
1783.54221453
1993.20234975
2033.75513311
2001.56273363
2120.7594823
1405.59761481
545.423659058
875.506655775
1890.92075464
1797.38449614
1953.96614502
963.494082384
2034.22995549
1938.06222654
1897.04787627
2085.48133299
1796.03939953
2009.82512888
1307.15372881
2560.88026956
2074.35657449
1811.27763991
1723.96165434
1935.16668455
1933.12251411
2944.82878823
1942.62671703
3765.96061656
1477.24843829
1913.01367238
1666.78666314
1695.56965108
1620.72365407
742.832117313
2858.76885741
2099.40155534
974.40737746
2092.91213374
1976.38470554
2080.47142137
1926.09191657
2573.69887062
1883.96226139
2559.27255806
2073.76744593
1501.54550402
2054.80438993
3940.78130602
2280.77022353
793.143823661
1848.20563997
1713.60972796
1630.93312324
2445.89590573
2019.61413318
1798.00157339
2022.95097499
1290.68725472
3870.16449546
1471.77019658
2005.32149525
930.129273454
1920.17264522
1726.61960019
2043.7464452
985.062027566
1887.27761822
1278.48514698
1966.33913792
1808.80064671
2567.22235157
1883.68435425
1896.30528589
2093.70937983
2066.96003629
1867.66641851
1035.99197204
712.499586497
674.584358126
1791.78047732
3484.10283475
1665.54483257
2066.93495611
1089.19581636
1993.51341774
1978.33768112
1963.06338123
2005.60368562
1940.04795764
827.509862041
2021.21458123
1855.65237869
1380.63677811
1812.67229941
3156.000002
1961.38577515
1956.64182759
1968.88142676
1915.32252491
642.787066623
1946.87589196
926.327162916
2051.18079696
1395.899413
1788.81982825
1980.0917324
1876.24104244
2064.16150724
1900.77756673
2040.26903723
1776.92566798
2062.71766469
619.768709048
1998.41583453
1128.54640778
600.14321331
2052.74926647
1918.07043676
2029.20044103
2590.58841037
1998.06165185
1278.02672945
985.030747316
1512.85053402
607.798314402
867.833666779
1798.73921377
3099.75307837
1228.67510166
1478.12395947
2026.22405892
724.982437067
1896.1242935
1294.34438133
837.390160916
1934.82183622
1213.28251689
2117.25760175
1353.57044
921.628337612
1786.73955729
968.555649333
2008.69869268
3725.55459406
1120.88265605
2610.05012363
540.137837106
2012.72120364
1897.3041832
1978.45779665
1883.41939638
1975.129351
749.213552338
1740.8316781
1329.43082824
1961.23606665
1767.55366596
3571.21162877
1617.9432017
848.04322529
1510.88719015
1866.20229446
1969.26343381
1634.83129213
1894.34174065
2618.54103606
1104.62784554
2810.2561594
1897.55372904
1763.37236321
1698.31752515
1768.66922467
1062.78464434
1964.57581707
2012.94924756
1878.16832885
890.247907287
1643.32482745
754.4516104
1887.12774439
2427.50327821
3093.22907796
2823.69511437
1985.28073411
3224.03303324
2019.01990819
1464.94925271
1059.57998378
3302.67131802
2265.84824004
2114.45929453
1325.30955833
1989.30125092
941.949905926
2054.73352008
1651.70083435
2023.68260978
2086.82037532
1532.85072132
1976.02837683
3520.6606131
2028.76034159
2194.93942678
1168.67750627
1913.55582137
1699.58958198
1993.9662562
709.383007448
1140.95221393
2867.30959581
1945.95386205
1845.54534815
1806.74332639
1991.27321708
3351.87373813
1795.84681745
1527.97423691
1944.19839448
1722.76528571
3664.77684124
1951.44390803
1873.9719152
1629.33679438
1804.23232879
3038.49859716
1302.10069831
2045.52484623
2182.82359264
1848.12746981
1245.25911896
2418.46881392
1588.88912672
1902.05316217
784.179509535
1654.99339482
1897.60585793
3127.96009898
1865.37917333
2140.43811381
1873.26618048
2091.34015188
1024.20087107
1273.55489836
2113.50609946
506.350844631
1177.29158741
2018.23753281
1976.16576422
1508.22672323
844.451328906
1654.63900019
2041.69015727
3390.46210698
1944.22509967
1935.50661655
623.00128607
1888.63125604
587.613635574
2009.97732378
1970.35011017
2122.93172454
2018.96184681
3538.45188674
1893.69844854
1914.53679962
1841.62185414
1951.13635186
2805.66971557
1955.49616312
1944.73910118
957.708253468
1953.16444482
1119.0930051
989.491379615
1703.01629752
1966.80055027
3252.39572336
2850.72970666
2434.52594342
2981.44037364
1111.26741772
1799.06689324
3272.52921085
2019.82935031
1847.5129782
780.183330167
1580.3504155
1447.34478581
2222.88196709
1456.950228
1572.78145297
1768.18679874
814.885370106
1846.42359345
1627.48563151
1928.51490034
1285.37709303
2083.76526582
2525.85557703
1988.26210607
2546.94684167
2080.89833659
1725.01061428
1870.82705506
1985.78103765
1651.29496813
1843.10891693
2182.44316288
2002.93724353
2283.61526288
1610.50732107
2459.13584122
1422.11610438
2015.46786551
2726.7995652
1808.63742347
2922.348164
1430.85993195
2027.99590219
1980.43167295
1999.97347011
674.056465738
1697.13445663
1776.49375466
728.268048989
1719.43538553
2046.0797605
3007.02207125
1359.44028273
2196.10653201
1675.74575472
1776.30678381
2041.5016426
1430.21242714
1619.34576059
1383.73217337
2701.01002305
2160.98762054
1930.97611949
1903.16017204
2106.16828284
2703.90257065
2119.64532863
1949.05324632
2833.52851304
1547.98726588
1995.08987894
901.256495517
1716.84549327
1768.44459384
2354.23476197
1717.53152222
1226.36396934
583.019302961
384.966811449
1358.43466615
2676.16200366
1399.62259272
1867.47888246
1877.14397964
1549.04534831
1396.25760259
1375.95664118
2059.46548559
2088.66692783
2061.90657122
2029.56520869
1901.63554713
1772.34018401
2005.13887754
2272.55534536
1135.48612614
1759.80890374
1803.36110346
3987.2207223
1859.57322635
2378.93623613
1471.7311902
1586.29641764
2401.12069874
2316.23360752
1979.66532635
2951.19506233
659.407431063
1915.0868165
1219.3226692
1945.32501863
1438.98352968
2033.8152949
2027.47322598
1501.22659003
3084.71466271
1564.98663827
1999.25676133
1897.0080812
1085.11910756
2049.61498883
2127.08624751
1586.78229476
1789.11398679
2062.59873755
1878.68903451
1816.87351019
1775.19010056
2058.50116247
2480.91070394
2161.22841367
2074.44392984
2477.69757833
1422.18377095
1491.43502825
5383.55520418
2997.17844335
1703.82155669
2090.43916637
1983.86879113
1758.37599092
1963.30583875
2359.09345113
2076.05297448
550.557312418
1988.28087301
2515.99753554
1889.71438227
2399.35268828
1730.16251458
1809.32661837
3433.36796878
3457.80669776
1940.3189987
2152.28300016
968.436295303
2017.8545083
1921.8651912
2752.26394909
1495.65273971
1455.01644848
1137.74310756
1728.08417941
3703.23348933
2313.27173755
1760.59604015
1925.03067976
2701.77795577
1122.46804661
1765.582471
2049.68193806
2047.76164697
1863.46561484
2009.84555929
1231.66511966
1050.7732642
3010.34124154
1448.91182242
1038.66262709
932.02994176
1896.55954415
1398.56696115
1604.49741937
1786.25550632
1155.53064622
1889.88864286
2060.78241612
748.296856022
2013.80015942
2371.51535003
1963.29705387
1944.94774412
2019.58938962
1784.05841207
909.229690315
1244.09053674
1772.64581591
1106.10970972
1917.38364158
955.027552839
1459.75296695
3560.76110977
1685.44470332
1981.14030575
1946.51081477
1298.46143311
2045.06731408
2577.67255837
807.384431661
1681.99090786
3661.31915316
2000.5560668
807.34207397
1625.18192632
1746.39052808
1064.11755332
3302.64596441
1962.10663403
2316.34005793
668.001084288
2596.86846317
2049.60212992
1938.80351437
1328.66841231
1899.19167464
2150.2035201
1750.10555699
1820.65522746
3529.52913992
1556.53817964
1908.60632763
1053.3322862
1824.49179403
2023.58075604
2174.86061747
1877.79752461
1369.65824599
2042.36570354
1780.6913576
1199.67735767
1897.02038756
2627.35892143
1785.94137521
1199.16743018
3963.84148115
2019.35790109
2418.99093871
2012.17967256
3401.68702145
736.356392658
1424.01491953
920.739847604
1956.33463928
2092.57706574
1744.12170245
2886.29034002
1250.43237713
1888.10738489
2562.00392981
2029.13231879
3424.76816079
2372.42764131
1316.0763356
1345.80504813
1855.92856907
1717.8259381
3067.42555088
813.576226401
1551.73450338
925.160104148
1735.75585764
1825.11686742
1033.47863026
2504.28066043
1457.59653426
1661.7516874
1381.94239824
1753.83116776
1445.26860398
1273.04854767
1833.13235138
1945.07846695
1990.52248868
1636.94652372
1698.03889786
3459.24042742
1149.47098182
1281.10335247
2214.50680424
1758.05044743
1657.52746587
2031.53989025
1979.18101572
1983.98388091
2816.06225696
1990.42833646
1022.24067915
1790.69538644
3961.39564615
1881.873543
2707.60053156
1857.32494917
1767.55151939
1514.81170013
2077.59415996
1620.996079
1983.61773603
1780.02932253
1980.84902367
2281.97782373
1855.6982724
1180.65809005
1958.96660541
1597.75990702
4225.3610851
1891.24659453
1986.35075957
2305.22030429
1616.13080221
2076.9731634
2032.83690378
1801.81385378
473.341019729
3498.84159607
2026.75265783
1023.98009942
1328.76977323
1096.75823546
2176.08854623
1998.63114638
1664.45411405
2021.627022
784.951522954
1833.11932667
1851.3382344
1975.55060106
2033.51297467
1809.41320691
1803.71625007
1927.61851031
1191.24806772
1385.99543629
2031.10695629
1794.70220033
3542.37291637
1961.69205266
1909.13646287
2533.75500836
2008.5890556
1875.61998196
1917.78506282
1756.83022187
1697.82980576
3260.59527641
1856.27971502
1650.7263301
1897.80576711
1969.8792376
2028.00065167
1285.97199043
1959.62643256
2115.77364442
2074.15446695
1909.44743775
1635.03318009
613.497046693
2030.74350167
2108.67325192
960.970916362
1850.17385051
1849.0730376
540.283967539
2086.66879989
3280.23944968
2012.53876909
2150.25560145
2282.88646514
1831.49371132
1038.09201244
2376.62808371
797.787916438
1755.10067303
1115.34693552
1839.43931431
1423.66709494
1639.94115176
1845.99797905
1995.18596608
2086.70518229
2029.17747689
1227.59069076
637.779931329
1904.29135849
835.400847732
840.871364631
1967.95543559
1973.52644827
1939.80157073
1607.92495164
1338.22372522
1956.45132436
1218.94228355
1895.63918167
776.462495966
2162.7129739
1786.40045041
2202.43464049
1640.52730724
2000.06071631
873.358729041
1946.13705168
2030.09722023
2531.18927944
1898.85252284
1782.86315346
1199.57525973
1263.33316154
1759.59043115
2159.5602791
1962.75828411
2011.98956125
1925.01825012
2698.65419049
948.17359046
1360.31587057
1210.86629117
1627.30800058
1915.38123799
1896.09580686
800.195509886
984.319385961
792.994705381
1983.85162991
1885.2185237
1801.70941358
2041.53114121
751.495162079
2571.17202617
2055.3948461
1782.00369477
2577.14926551
1013.20629831
1974.91924163
1591.29847166
1202.95922186
2991.95535737
1401.65673906
1257.71045203
1854.70045755
1227.6073235
2010.33777967
2013.35809095
445.751319199
1911.01847328
2035.80463255
5341.20489571
2019.42380693
1951.28089671
2090.24320759
1735.23514003
1619.46709845
644.579716748
2022.93437489
1952.74566411
2422.77285147
847.270376148
1985.15834534
1761.54177988
1562.10937835
1616.46864806
1250.63393251
2047.55863742
1937.26252029
1885.95192909
3274.17419411
1718.65402053
1980.49994294
3099.2517988
1078.85463113
1065.34838996
2630.15543042
1171.17748167
1122.13074979
1970.35553016
2097.42689829
1717.56650133
1861.44690681
2443.79141877
2379.52695237
2994.17506317
2644.08956488
4006.75978818
2012.03841355
1860.68337324
1982.02659315
579.368345906
1604.07429767
1190.07949621
2019.54032281
2005.94418927
1704.81355147
1422.91631245
558.735041094
3081.23008557
1898.18321927
2153.76620425
1595.66232939
2711.72099885
1520.38506998
2003.48218166
2176.48895725
1802.90601379
2227.81131279
1731.74715852
2127.40948733
1773.95845371
2035.34581355
1885.86778682
1443.99942255
1754.03599985
1790.63355623
1969.2866247
1248.93610274
518.231818318
1510.92481632
1570.34913601
2922.9306547
1893.57788873
2101.19034421
2074.87683827
1705.95301215
1945.57875565
1824.79375926
1844.70067363
2140.8580974
4799.34654516
1848.13073
2024.3285951
1228.15222195
2541.68911837
1074.14926782
3946.9120927
2541.45717994
1333.60543346
789.689257941
1947.35749069
2935.39201692
2932.4326901
949.075693575
2264.04228453
1365.12847705
1023.10691235
3353.06666537
1740.57130156
3795.9154307
1837.30342564
1519.13587586
1706.07649325
4176.68288989
775.53022706
1937.06508996
724.395968352
2082.36533199
1909.51724304
956.396616109
1036.45198183
2003.2736957
3082.15154486
1982.27830352
1435.22320339
1881.2099503
1804.42380503
2106.12393941
590.648733961
1077.47079292
1017.69780385
1826.90461056
1675.12347453
1911.01876567
2104.87384964
2469.82138514
1787.86561035
2295.99916874
2183.3467319
1998.37620008
5522.10189152
1843.70726232
2298.32452814
2531.01082334
883.854908065
2002.27035524
1953.72386931
1408.32400911
1787.00467922
1335.35638222
1692.84986773
2001.13273378
1913.07409395
1901.9933644
937.42904342
976.695919839
2739.65051149
688.16219239
1401.80627269
1410.62101042
1683.68080206
1965.77218435
1679.77809129
2018.90518078
1584.91587439
2152.85832268
1290.31337241
1709.36435382
1950.47767134
1895.95955941
1964.06883958
2779.02954939
1863.25080847
2066.87673107
2034.63661031
2079.55384926
1816.45545819
1846.54726796
1276.2613244
1081.01915186
887.866281606
977.246746472
1192.29168831
1953.89727897
2148.52601038
1723.21425236
1903.24975662
1652.65729348
2525.59013321
1093.40083968
1130.329907
2018.13786144
2051.53550816
1594.00596574
2078.81383686
3932.3304479
1111.25715042
1806.44001524
2669.12107252
2138.54453745
2528.2196177
1867.91164192
2143.29719619
3062.64328915
1978.07902611
1652.9218251
1614.2776971
2034.93518462
853.063093158
1466.91594188
2309.66512516
1743.83860801
1891.28841174
1699.45614341
1278.26343438
2513.46928561
1951.40272395
1893.62748018
1311.06039247
1847.89641593
1851.04618486
1214.98747104
1369.79468905
1824.95619197
717.520797854
2447.26578681
849.712962707
1926.31370865
1942.14973587
1752.12903801
1806.42593668
1572.94452768
2000.66822781
1789.39431374
1903.81409599
2037.28854166
1813.04913351
1963.4410645
1197.09840525
738.596733015
841.632157701
625.60425564
1397.34125308
1970.33516799
2087.27736703
1612.92524668
2815.65302945
1409.54699405
1968.59306753
2434.1030917
2812.71457632
851.184105686
2015.53295896
1644.25549584
1855.01101362
1667.60132104
1536.81700226
1098.87495728
2731.98129829
2978.5521645
1459.22161698
1766.97016086
1901.68503996
2380.61829572
1918.28813629
1987.72301857
3072.14234664
1943.85889391
2006.2090141
1752.47167361
944.164318803
1713.50330388
1813.31104543
627.16901132
2005.01575556
695.708197928
1777.88886465
4207.64720258
1652.35828914
1170.3555539
2391.50571749
1577.28083121
1599.30787788
1390.22906468
2429.14943395
1944.35182174
2011.67970698
2771.77223885
2083.67088975
1716.94982519
2717.57801021
1460.99171826
932.034077797
919.725385474
2059.93298636
1421.1499313
1963.83506616
1564.56251254
1413.558683
2049.3596687
1713.44819852
1319.0355544
1829.86282751
1991.48671994
1234.8104437
1616.57376683
1783.13405649
1090.71137077
2920.13216775
2019.18809846
2037.06474375
2453.93398283
1956.80067918
2080.86882965
2041.91344641
1146.39845503
1852.32742406
1986.89504019
729.536907847
1546.89545354
1927.25059316
872.598560503
1743.6935667
1862.39363811
3138.30762385
1981.01040823
1996.43879615
2034.20421647
1634.37931123
1597.89243276
1313.56517921
760.264326999
1652.92507576
1729.22814765
2061.13870584
1172.27180664
2189.23780148
1953.41268139
1780.39542666
1593.79890857
1695.98028197
1517.72617329
2726.8768583
969.152471393
2167.79332907
1078.4103984
1941.78348239
886.808719401
1829.2960629
2039.7381219
1495.90993324
3710.58485622
1472.19205891
1637.1766662
1995.11090995
1971.76800657
1597.93192528
1893.92836504
1919.63431523
1223.12960396
3352.64725216
596.804701043
1897.77135698
1466.00588455
1147.10037433
2610.68323983
1187.97979732
1840.53657662
2012.40566408
3120.98624406
1277.72201723
2018.97735052
1904.26512068
1214.96940608
908.329878555
2047.98527429
2132.92946917
1900.01100424
1794.38144569
1978.81836117
2038.17341435
1807.81466492
1775.88924364
3649.66181883
946.282640666
1898.02635837
2238.62323851
2003.96731925
2857.71831825
1452.68229755
1475.38303877
2004.57891407
2008.49914039
2203.35829728
1964.42988266
2380.27241494
1926.4282304
1884.18198237
1927.09579947
3732.13424752
680.580655375
1879.59824544
1014.02161712
1157.19302049
1613.69770326
2084.85227809
1682.6135998
1718.51136183
959.521347586
2036.62426786
1711.16443982
1992.89147448
1858.52517404
2034.0547778
2042.72979141
1376.94352225
1936.80670093
1570.04876378
3311.06824687
2466.5632775
1188.37517269
2816.66089406
784.51564806
1996.48986432
1889.39351364
2080.99315332
2264.83021683
1903.57566773
1831.71473935
1412.56988789
2067.32873122
2834.14554273
1765.72994968
3265.37477573
1969.5632434
1850.43708207
1821.66669106
2190.50213642
2004.95310475
1297.62446654
1666.51459957
1176.01416514
2315.75992368
952.252912626
1636.9910955
2094.67226612
1626.17769668
1983.92943049
3909.3689674
1526.03751348
1714.18045984
1809.4752454
1845.55321475
1860.71925473
1403.03074368
2078.37611975
2095.55423861
985.973050474
2019.30737026
1062.25491821
1485.13635027
1723.42958993
2120.72067807
2023.51770704
632.659454533
1931.47395733
1925.70668826
2023.02937321
1970.1328799
1586.07529571
2001.37615661
1410.88927661
1192.86646203
1327.90895257
2080.67530375
2275.72374311
1672.51651869
1786.30847549
1911.89305691
1883.44745319
1990.86416602
1648.56989384
775.346844288
1839.58471405
1860.96654062
1634.60120519
2754.27899015
1664.11918177
2027.83838581
1981.84762926
2885.94406787
1718.21103573
600.247177566
1334.76897038
1734.45382533
2057.03437059
3446.7960254
1435.89744066
1903.87066531
2362.66745764
1647.64189408
1872.35314216
4000.54256181
2031.67574845
1678.33300388
2112.58865777
3545.6740833
1876.35245987
916.732703601
784.023345219
1485.49698055
1707.53095522
2364.31373274
1284.06280629
1821.55754411
1188.01729758
1219.73505957
1103.75361137
1139.59849148
2099.61730792
3205.78291072
1774.33430233
922.833605114
1987.79812696
775.697174916
2111.56746339
1520.17085533
1857.26249869
2070.69397164
2019.76820532
2063.4697302
1366.11762879
1477.30343682
1929.29349384
920.208356358
2677.18085067
2024.29783771
1671.49857649
1149.8111149
2077.28111954
1852.76470229
1376.42212277
1036.33577334
785.031807661
1835.66978208
2023.42238351
1518.15216721
5865.45115836
1686.95686942
1301.54771652
905.960764336
2954.40074007
874.267461813
1980.10304416
2502.24302371
1113.49065797
1548.16222622
1160.29092476
722.834714078
722.524939921
1501.77703199
1852.30715039
1985.50625758
2022.14916494
1361.62442173
1824.62982535
1110.93978579
1772.58653782
2639.93935835
2087.20860446
1994.33758589
475.213104474
1837.39012406
3117.87624029
605.049874388
2144.00141984
2119.6186643
1884.16389561
1842.85532135
1788.87753931
1885.71190437
2084.75540835
1942.36150357
1963.81247687
2637.61406412
1941.85675335
1872.56817405
1724.5123633
1560.78763709
1569.36862996
2056.80518444
2914.75505304
1940.51042266
1938.10106295
958.574099665
3016.49057661
2028.97883617
1620.13123245
2044.50587981
987.064731859
1957.07917955
1409.43040358
2027.18008886
1147.61411783
1690.59055979
1960.71552793
1133.31449438
1170.46563443
2877.57018831
549.46347467
1880.90419195
1286.64482917
4510.83722543
2234.06219218
1936.05780168
1879.13446487
1797.64107683
1222.24609149
2008.416148
2075.93214729
2279.11560369
2342.3235451
1158.13692309
1949.23468085
1036.63775436
1680.84178635
2693.29767524
1985.498958
1908.11138193
1793.13140356
1932.24824817
1191.55969248
4719.28633883
1958.62498199
1947.85715028
1797.0280486
1715.29357366
1953.7883327
1831.91724582
1522.19845874
1976.67424937
1096.58376327
1758.25595771
1533.61973669
1282.22068714
1780.59345546
1911.35640283
2166.23797294
801.93437003
3391.70345483
1861.9648155
1058.46577458
1810.97176219
1901.49948545
1875.27067439
2564.58395883
1902.41174758
2275.88184709
1635.8776935
1503.75360721
4533.59694127
1531.01732623
1404.53319532
1944.38700708
1949.4835268
1681.48041993
2009.22482008
2010.67241992
1590.53168427
2002.75934538
1908.17969588
1558.05618689
2716.29569033
2004.22629195
2023.232851
997.655682344
1958.69342179
1444.76284274
2351.75549295
1949.7330722
2083.34316522
669.400651602
1821.10667419
1279.38394771
859.644324241
1413.14044121
1859.9022074
2913.23773158
1713.37053245
2918.23179271
1982.06685128
2010.94515679
2094.86445344
1856.20052856
1144.75100674
619.654409943
1089.18601406
1119.83943212
565.323990054
3520.72620115
1322.07698675
1927.56102188
1959.03276554
1644.4467397
3417.74163852
1958.34097238
1792.29896838
2312.30563376
1805.85345563
3108.98528612
2489.46720619
1932.83727577
952.087103734
1944.89980061
1376.03062334
2090.37952438
1659.98011914
1733.7826432
1723.4300464
1856.93511092
690.791142677
1799.99681875
1895.0234913
1919.05089733
3715.15854348
2187.53096034
1015.14363664
2570.38938745
2164.56740373
2125.04608167
2072.90673896
1796.38961361
753.435082771
2045.30656647
2237.11284167
2548.64698289
716.832429959
2323.05115663
1941.60358119
2099.11909075
1828.83422424
1093.27040624
1971.70203343
1793.44185191
2135.06475346
643.621360238
1950.51463279
2674.72806346
1570.98695992
1798.75788653
747.095650452
1018.2017214
846.902930561
1963.15989527
737.970560778
3139.08020897
2607.62618392
1820.30911811
2793.68290367
1789.57615797
2142.37196788
4182.17569963
1818.85773485
1854.38419561
2907.45508817
1827.13648325
2129.28300188
1794.63049735
1839.90908217
1552.6359693
1905.55888488
2427.09270707
1626.46196066
1319.8550141
1840.20670657
2050.0743127
1863.28542032
2229.5896045
1793.65663083
524.589504446
1982.32829016
897.841436651
1936.9870985
1910.14784548
1725.96506066
3215.92560488
1923.21280225
2679.4830608
1627.16896383
1970.66215107
2023.47963554
1898.97081957
1976.38718955
1896.79822453
2103.86416868
2921.65575121
1932.37455237
934.369964813
872.211880644
1890.15476073
1922.55113022
1929.38558455
2759.00903431
1534.76783923
2071.80137262
1844.60944328
1643.79844398
1985.28438526
1688.99133697
1836.22601296
1800.73861046
2478.19484105
2064.70978832
650.614830984
1330.46960776
1972.31046496
1562.62418608
3290.75045999
1766.64000035
2002.55353299
1982.03360868
2495.9906011
2830.53577913
2862.85897526
1765.17273411
1943.79404292
3531.42760565
1468.16167921
1694.6314023
1638.44120377
1936.65561983
1967.21748152
1452.80732522
2718.01918356
1941.13755392
2075.77684138
1560.36672223
1722.04284831
1960.66192584
1950.87771416
2313.04391262
1736.66022755
1891.80308205
4240.03458668
1988.29131263
1903.53209021
1422.28374201
1636.96950095
2473.44246568
1870.85970837
1586.96538778
1890.00857348
1740.5654066
1933.10009848
1931.63304187
2055.65703696
1935.99769079
1471.91663088
2201.6993767
1829.7545251
1655.2636512
3382.84763607
1125.07873424
2659.29722738
1363.06686472
765.618863725
2019.99931759
2128.46166426
2065.65514341
2014.97858166
1725.54784275
693.43043297
1278.47274097
2141.9761433
1114.62763381
1260.46061139
1818.69869929
1694.56452183
1738.91075902
1202.75539239
1942.43485802
1713.31783108
1677.88749316
1519.50075629
1717.75247683
2707.02930658
2019.71644204
1725.41476854
1000.81114825
1583.17247802
1412.75315237
1165.76272884
1950.15771652
4029.70508187
2010.55075492
3318.04673477
1703.83303643
1910.88452508
1768.31011912
896.009217938
1210.8221929
1937.82988709
1661.3488849
1732.20059897
1410.6894786
1956.20734099
2151.44490615
1893.34435671
1305.27035722
1246.49539261
5407.51177274
1758.55949471
1795.69829404
2225.35025854
1308.24635271
1924.21009208
1013.23863643
1780.92131291
1572.0009705
2686.55784924
2855.53476831
1984.65158174
1431.74603925
1509.1414331
2531.65245785
974.940233271
1943.7241154
1058.79423273
1112.65764908
2009.12005557
2708.55546109
1869.36752689
1691.85572468
3430.67854365
1576.44408006
1340.48398705
2320.10148042
1586.62648772
2095.88316281
1755.59794982
1699.46655167
1221.57663006
1820.34924455
1945.97527554
1948.87794016
951.729810823
3263.12363829
1888.62607413
2970.75178614
1175.55564007
685.761015894
2588.56379175
554.627531882
947.099663134
1963.71445709
983.675479194
2112.634835
3050.75685196
2176.88659457
1946.00623467
1679.23749311
1880.8876659
1981.12220434
1645.75787434
1982.08716072
1735.06295184
1581.34112752
1517.82797758
2046.38309773
995.365759234
2273.89547777
2607.1334168
1835.90041816
2035.96230844
3128.11263216
2172.17137192
1683.40298907
1506.78938474
2222.74652213
2279.38478951
2065.36931324
2019.19634393
2876.16627923
1643.10189451
1947.03649392
1595.2922975
1854.24443735
1961.39974325
1958.48805394
2012.72216443
1457.55443535
1254.45741332
1355.82510689
1946.94128529
2806.7876329
1958.21126928
780.19334158
2506.94685976
1642.66592163
1766.51822825
1272.36799165
1972.99547328
775.453733671
1840.29090639
972.785165869
1918.13645718
2078.59119131
1948.36859008
1859.91757859
2012.49593433
1905.67195597
1886.4125023
755.130146679
1956.80165324
1527.49479736
1952.383169
998.204162793
1771.17237502
1466.48318933
1379.12306104
592.363117972
2101.6964546
3154.96297582
2058.07880076
1397.277567
1978.04351803
1198.64088734
1763.1862911
1133.11174031
1593.90550256
1835.37535934
715.300339239
1392.36785657
2054.59666508
2676.78929145
1943.3756026
1193.42446683
1938.27687597
1174.14191267
1989.01718801
1580.72119098
2006.96048401
1682.77404334
1809.88082877
1847.0959387
810.420763499
1867.26626125
1350.12782876
1663.91581586
1966.92883438
1968.15357467
1771.61989768
1958.45779259
1932.30420881
2002.63956485
1943.31715293
1066.03550855
1952.65722146
1757.48969109
775.954096694
2273.50022108
1960.57567135
2064.43301445
1752.14308651
1995.27512774
1388.91162984
1643.45263925
2100.58747232
2435.8723649
1496.28243634
994.501390974
1906.65715117
1973.25690852
830.994364055
1199.84663522
3003.80484566
1629.32851148
1622.0907718
627.776918404
1973.33518921
2545.92489457
2034.27200798
1676.17295515
2995.64312688
1999.91171683
1668.71895567
1047.56142765
1900.68207177
2035.78716041
1341.28678462
2013.05856083
1789.93709107
1767.64718198
1056.04759557
1959.48904069
1491.69959286
1513.3291732
742.819532764
1947.79691685
2187.96368638
1301.41028614
1863.49728497
2414.14026413
449.57485421
1911.48260911
1714.66501995
2045.67520082
1789.41317227
2599.55557407
1931.22070086
1499.02405908
2041.65094917
1076.22034399
1500.53286757
2024.1485501
2050.93442455
1350.93936381
1413.80088655
1604.94722758
1917.49490646
1860.18271946
1471.3135635
2897.18784152
2105.92730147
2102.78396547
2538.43800512
1963.8397582
2137.47154799
2178.35786895
2369.49137252
1937.8063656
3838.94427268
2229.81066942
1934.36460928
1937.7630306
1792.01397319
1051.08463292
2514.45979875
2027.97713421
920.78634139
2007.24097189
1704.12434541
1979.22075239
1836.05657463
795.917079062
1629.95742507
1715.53090232
1699.77703467
1332.38695649
986.533525369
1300.44941038
870.623362515
1962.36882602
1507.83860832
2119.26294458
1981.13812603
2994.1089283
1882.51739256
1772.81359535
3517.60045435
1200.1064031
1935.81125844
1919.35646077
2481.52973198
2252.42173552
2271.86955954
2378.4401743
2039.43935628
2055.94831242
1451.49436434
1373.57326548
1988.26646601
2616.91859386
1935.54817127
1848.27969573
2132.10199191
1097.65138708
1661.78706065
1004.42555762
1025.55874433
1774.33560645
1380.00978574
1878.87843332
1288.37728067
1217.4797498
2078.43942431
2365.30448917
1100.57192855
1773.89201905
