0.0
2.59400007963e-06
1.29700001708e-05
1.29700001708e-05
3.1127998227e-05
1.81579998753e-05
3.89099986933e-05
2.59400003415e-05
6.2255996454e-05
7.78199973865e-05
0.000114135997137
0.000101165998785
0.00012969999807
0.000142670003697
0.000186767996638
0.000160827999935
0.000176392000867
0.000225677998969
0.000204925992875
0.000228271994274
0.000215302003198
0.000194549997104
0.000230866004131
0.000181580006029
0.00023605399474
0.000295715988614
0.000342407991411
0.000448762002634
0.0008171100053
0.00140335399192
0.00126068398822
0.000840455992147
0.000394288013922
0.000311279989546
0.000212707993342
0.000220489993808
0.000186767996638
0.000223084003665
0.000119324002299
0.000168610000401
0.000181580006029
0.000132293993374
0.000134888003231
7.78199973865e-05
0.000124511992908
9.3383998319e-05
0.000111542001832
5.96620011493e-05
8.81960004335e-05
7.2631999501e-05
7.2631999501e-05
0.000939027988352
