0.0
0.0
1.66500001342e-06
8.32499972603e-06
6.66000005367e-06
1.33200001073e-05
6.66000005367e-06
1.16549999802e-05
2.49749991781e-05
3.16350015055e-05
4.32900014857e-05
3.99599994125e-05
4.49549988844e-05
7.82549977885e-05
5.16149993928e-05
7.82549977885e-05
4.49549988844e-05
8.65800029715e-05
0.000106560000859
8.49150019349e-05
0.000104894999822
9.82350029517e-05
0.000104894999822
0.000104894999822
0.000113219997729
0.00015484499454
0.000133199995616
0.000124875004985
0.000126540006022
0.000113219997729
0.000129869993543
0.000118215000839
0.000143190001836
0.000144855002873
0.000171495004906
0.00016483500076
0.000246420007898
0.00032467499841
0.000436230009655
0.000582750013564
0.000581084983423
0.000531135010533
0.000344655010849
0.000249750009971
0.000166500001797
0.000123210003949
9.65700019151e-05
9.49050008785e-05
9.65700019151e-05
6.49349967716e-05
7.1595000918e-05
0.00107059499715
