0.0
1.52772008732e-05
3.81930003641e-05
7.63860007282e-05
0.000114579001092
0.000129856198328
0.000234250401263
0.000264804810286
0.00068747397745
0.00228139525279
0.000422669196269
0.000364106614143
0.000320821185596
0.000369198998669
0.000359014200512
0.000336098397383
0.000246981391683
0.000348829402355
0.000239342800342
0.000180780203664
0.000185872602742
0.000175687804585
0.000165503006428
0.000140040996484
0.000145133395563
0.000106940402475
0.000104394202936
0.000117125200632
0.000104394202936
6.87474021106e-05
6.87474021106e-05
6.36550030322e-05
5.85626003158e-05
5.09240016981e-05
5.85626003158e-05
3.05544017465e-05
3.81930003641e-05
4.58315989817e-05
3.56468008249e-05
1.78234004125e-05
3.05544017465e-05
1.78234004125e-05
1.52772008732e-05
1.27310004245e-05
2.29157994909e-05
1.01847999758e-05
1.27310004245e-05
7.63860043662e-06
1.01847999758e-05
1.01847999758e-05
0.0
5.85626003158e-05
