0.0
0.0
2.68160001724e-05
4.35760011896e-05
4.02240002586e-05
7.70960032241e-05
0.000103912003397
0.000157543996465
0.000174304004759
0.000224584000534
0.000224584000534
0.000325144006638
0.00027486399631
0.00033855199581
0.00035866399412
0.000345256004948
0.000418999989051
0.000519560009707
0.00107263994869
0.00267154397443
0.00163912796415
0.000586599984672
0.000362015998689
0.000331847986672
0.000258104002569
0.000291623990051
0.000251399993431
0.000278216000879
0.000258104002569
0.000167599995621
0.000197767993086
0.000231287995121
0.00023463999969
0.000224584000534
0.000154192006448
0.000187711993931
0.000127375999
0.000177655994776
0.000150840001879
0.000103912003397
8.71520023793e-05
9.38559969654e-05
0.000113968002552
7.37439986551e-05
9.05039996724e-05
0.000120671997138
8.37999978103e-05
0.000103912003397
6.03359985689e-05
6.36879995e-05
4.35760011896e-05
0.000613416021224
