0.0
7.63860043662e-06
1.78234004125e-05
6.62012025714e-05
0.000112032801553
0.000137494804221
0.000211334598134
0.000241889007157
0.000824968796223
0.00232468056493
0.000437946408056
0.00034628319554
0.000320821185596
0.000341190811014
0.000331006012857
0.000295359204756
0.000234250401263
0.000308090209728
0.000236796593526
0.000208788405871
0.000201149799977
0.000188418795005
0.000168049198692
0.000147679602378
0.000137494804221
0.000122217606986
8.65707988851e-05
0.000104394202936
9.67555970419e-05
7.63860007282e-05
7.63860007282e-05
5.34702012374e-05
7.3839801189e-05
4.58315989817e-05
6.1108803493e-05
2.54620008491e-05
3.56468008249e-05
4.58315989817e-05
3.81930003641e-05
1.78234004125e-05
3.56468008249e-05
1.78234004125e-05
1.52772008732e-05
1.52772008732e-05
2.29157994909e-05
7.63860043662e-06
1.27310004245e-05
7.63860043662e-06
1.27310004245e-05
5.09239998792e-06
0.0
6.1108803493e-05
