0.0
0.0
1.67599991983e-05
3.68719993276e-05
3.68719993276e-05
9.72080015345e-05
0.000110615997983
0.000157543996465
0.00014748799731
0.000241343994276
0.000248047988862
0.0003184399975
0.000281568005448
0.000325144006638
0.000351960014086
0.0003184399975
0.000372072012397
0.000519560009707
0.00113968004007
0.00273523200303
0.00160560803488
0.000626823981293
0.000321792002069
0.000368720007828
0.00027486399631
0.000268159987172
0.000248047988862
0.000264808011707
0.000221231995965
0.0001910639985
0.000194416003069
0.000207824006793
0.000231287995121
0.000197767993086
0.000177655994776
0.000187711993931
0.000134079993586
0.000157543996465
0.000144135992741
0.000124023994431
9.38559969654e-05
9.38559969654e-05
0.000144135992741
8.37999978103e-05
9.38559969654e-05
0.000117319999845
6.03359985689e-05
0.000103912003397
6.7039996793e-05
6.36879995e-05
3.68719993276e-05
0.000600008002948
