0.0
0.0
3.33000002684e-06
9.98999985313e-06
6.66000005367e-06
6.66000005367e-06
6.66000005367e-06
9.98999985313e-06
1.99799997063e-05
2.99700004689e-05
4.82850009575e-05
3.66300009773e-05
2.99700004689e-05
7.65899967519e-05
6.16050019744e-05
7.32600019546e-05
5.66099988646e-05
7.99199988251e-05
0.000106560000859
8.15849998617e-05
8.99099977687e-05
0.000108225001895
0.000106560000859
9.98999967123e-05
0.000119880001876
0.000144855002873
0.000133199995616
0.000128205007059
0.000121545002912
0.000119880001876
0.000124875004985
9.82350029517e-05
0.00013652999769
0.000143190001836
0.00017482500698
0.00017482500698
0.000246420007898
0.000351314985892
0.000464534998173
0.000584414985497
0.000607725000009
0.000537795014679
0.000352979986928
0.000261404988123
0.00016983000387
0.000113219997729
8.49150019349e-05
7.99199988251e-05
9.98999967123e-05
5.82749999012e-05
7.32600019546e-05
0.00104229000863
