0.0
0.0
1.03760003185e-05
2.33459995798e-05
1.81579998753e-05
2.0752000637e-05
2.59400003415e-05
3.63159997505e-05
6.48499990348e-05
8.04139999673e-05
0.000114135997137
0.000111542001832
0.000114135997137
0.000132293993374
0.000186767996638
0.000163421995239
0.000168610000401
0.000202331997571
0.000173798005562
0.000204925992875
0.000210113998037
0.000202331997571
0.000238648004597
0.0001919560018
0.000238648004597
0.000287934002699
0.000339813996106
0.000448762002634
0.000897524005268
0.00143448205199
0.00133850402199
0.00082748598652
0.000409851985751
0.000280151987681
0.000204925992875
0.000215302003198
0.000178985996172
0.000223084003665
0.000116729999718
0.000171203995706
0.000142670003697
0.00012969999807
0.000121917997603
8.56019978528e-05
0.000124511992908
9.07900030143e-05
0.000116729999718
5.96620011493e-05
7.2631999501e-05
6.74440016155e-05
6.74440016155e-05
0.000957185984589
