0.0
0.0
1.83150004887e-05
1.99799997063e-05
9.98999985313e-06
1.33200001073e-05
9.98999985313e-06
8.32499972603e-06
2.16450007429e-05
2.99700004689e-05
4.82850009575e-05
3.82949983759e-05
4.99499983562e-05
6.99299998814e-05
5.82749999012e-05
6.82649988448e-05
4.66199999209e-05
8.32500008983e-05
0.000116549999802
8.99099977687e-05
0.000109890002932
0.000103229998786
0.000113219997729
0.000109890002932
0.000118215000839
0.000156509995577
0.000143190001836
0.000144855002873
0.000138194998726
0.000126540006022
0.000119880001876
0.000109890002932
0.000163169999723
0.000148185004946
0.000183149997611
0.000179819995537
0.000256410014117
0.000367964996258
0.000474525004392
0.00058774498757
0.000586080015637
0.000556109996978
0.000352979986928
0.000246420007898
0.000171495004906
0.000118215000839
8.49150019349e-05
8.49150019349e-05
8.99099977687e-05
5.4945001466e-05
6.3270003011e-05
0.000832499994431
