0.0
0.0
4.1504001274e-05
2.85339992843e-05
3.63159997505e-05
2.85339992843e-05
4.1504001274e-05
3.63159997505e-05
6.74440016155e-05
7.78199973865e-05
0.000116729999718
0.000111542001832
0.000108947999252
0.000134888003231
0.000194549997104
0.00015823400463
0.000166016005096
0.000210113998037
0.0001919560018
0.000210113998037
0.000217895998503
0.000215302003198
0.000269776006462
0.000212707993342
0.000238648004597
0.000274963997072
0.000347596011125
0.000485077995108
0.000881959975231
0.00153045996558
0.00132812804077
0.000868990027811
0.000438385992311
0.000290527998004
0.000217895998503
0.000210113998037
0.000181580006029
0.000199738002266
0.000121917997603
0.000155639994773
0.000132293993374
0.000121917997603
0.000124511992908
7.2631999501e-05
9.59780008998e-05
8.56019978528e-05
0.000101165998785
5.1880000683e-05
7.78199973865e-05
6.2255996454e-05
6.48499990348e-05
0.000705568003468
