0.0
0.0
8.37999978103e-05
5.69840012759e-05
4.02240002586e-05
8.04480005172e-05
0.000100559998828
0.000154192006448
0.000181007999345
0.000237992004259
0.000264808011707
0.000345256004948
0.000305032008328
0.000311735988362
0.000385480001569
0.000362015998689
0.000392184010707
0.000553079997189
0.00116984802298
0.00294976006262
0.0017195759574
0.000646936008707
0.000341904000379
0.000351960014086
0.000258104002569
0.000237992004259
0.000207824006793
0.000261456007138
0.000214528001379
0.000150840001879
0.000181007999345
0.000197767993086
0.000194416003069
0.000197767993086
0.00014748799731
0.000134079993586
0.000103912003397
0.00017095200019
0.000120671997138
0.00010726400069
6.36879995e-05
7.70960032241e-05
0.000110615997983
7.37439986551e-05
7.70960032241e-05
8.71520023793e-05
6.7039996793e-05
7.37439986551e-05
5.02799994138e-05
6.03359985689e-05
3.01679992845e-05
0.000469279999379
