0.0
0.043329000473
0.273306012154
0.949904978275
1.22654402256
1.36319696903
1.63317000866
1.63317000866
1.55317795277
1.40652596951
1.09322404861
1.05989396572
0.843249022961
0.603272974491
0.489951014519
0.446622014046
0.396627008915
0.283304989338
0.223311007023
0.169982999563
0.176649004221
0.123320996761
0.133320003748
0.0799919962883
0.109989002347
0.0633269995451
0.0466619990766
0.0499950014055
0.033330000937
0.033330000937
0.0266640000045
0.0166650004685
0.0166650004685
0.0199979990721
0.0133320000023
0.0133320000023
0.00333300000057
0.0
0.0133320000023
0.0133320000023
0.0
0.0
0.00999899953604
0.00333300000057
0.00999899953604
0.0
0.00333300000057
0.00666600000113
0.00333300000057
0.00333300000057
0.00333300000057
0.00999899953604
