0.0
0.0499950014055
0.25330799818
0.936573028564
1.29987001419
1.51318204403
1.69983005524
1.68316495419
1.6265039444
1.42652404308
1.13988602161
1.05322802067
0.826583981514
0.566609978676
0.463286995888
0.403293013573
0.379961997271
0.223311007023
0.193314000964
0.143318995833
0.173316001892
0.0966570004821
0.099990002811
0.086658000946
0.086658000946
0.0499950014055
0.0299970004708
0.0266640000045
0.0266640000045
0.0299970004708
0.0266640000045
0.0166650004685
0.00666600000113
0.0166650004685
0.00666600000113
0.0133320000023
0.0
0.00999899953604
0.00999899953604
0.00666600000113
0.0
0.0
0.00333300000057
0.00333300000057
0.00333300000057
0.0
0.00333300000057
0.00333300000057
0.00333300000057
0.00333300000057
0.0
0.00666600000113
