0.0
0.0
0.0
0.0
0.0
0.0
0.000288779992843
0.00317657995038
0.00288780010305
0.00490926019847
0.00346536003053
0.00577560020611
0.00808584038168
0.00895217992365
0.0132838804275
0.0118399802595
0.0173268001527
0.0147277796641
0.0144389998168
0.0222360603511
0.0277228802443
0.0280116591603
0.0415843203664
0.0505364984274
0.0525579601526
0.077393040061
0.101361781359
0.125908076763
0.170668974519
0.221783041954
0.337872594595
0.351445257664
0.229580104351
0.0935647189617
0.035519938916
0.0242575202137
0.0164604596794
0.016749240458
0.0135726602748
0.0124175399542
0.0121287601069
0.0173268001527
0.0106848599389
0.0129950996488
0.0164604596794
0.0118399802595
0.00895217992365
0.0103960800916
0.0121287601069
0.0129950996488
0.0118399802595
