0.0
0.0
0.0
0.000250949990004
0.000501899980009
0.00125474995002
0.00627375021577
0.0266006998718
0.109414197505
0.200258105993
0.119954101741
0.0727754980326
0.0627375021577
0.0662508010864
0.0677564963698
0.078798301518
0.0687602981925
0.062486551702
0.0665017515421
0.0607298985124
0.0602280013263
0.0449200496078
0.0451710000634
0.0401519984007
0.0396501012146
0.0363877490163
0.0281064007431
0.0248440504074
0.0260988008231
0.0215817000717
0.0200759992003
0.017315549776
0.0190721992403
0.0140532003716
0.0130494004115
0.0145551003516
0.0122965499759
0.00803039968014
0.00803039968014
0.00752850016579
0.00652470020577
0.00652470020577
0.00351330009289
0.0057718497701
0.00552089978009
0.0057718497701
0.00501899980009
0.00552089978009
0.00301140011288
0.00301140011288
0.00276044989005
