0.0
0.0
0.0
0.0
0.0
0.000191040002392
0.0
0.000191040002392
0.00210143998265
0.00133728003129
0.00210143998265
0.00305664003827
0.00229248008691
0.00382079998963
0.00534912012517
0.00439391983673
0.00668640015647
0.00764159997925
0.00573119986802
0.00687744002789
0.00936095975339
0.0085968002677
0.00783263985068
0.00916992034763
0.0118444804102
0.0106982402503
0.0116534400731
0.0162384007126
0.0171936005354
0.017766719684
0.0221606399864
0.0238799992949
0.0301843192428
0.0341961607337
0.0429840013385
0.051771838218
0.0609417594969
0.0783263966441
0.0981945618987
0.116725437343
0.152258872986
0.17804928124
0.183589443564
0.132772803307
0.0586492791772
0.022733759135
0.0141369597986
0.00974304042757
0.00955200009048
0.00611328007653
0.00687744002789
