0.0
0.0
0.0
0.0
0.000358329998562
0.000358329998562
0.00250830990262
0.00358329992741
0.00967491045594
0.00931658037007
0.0136165395379
0.0193498209119
0.0329663604498
0.0386996418238
0.0569744706154
0.0702326819301
0.100332401693
0.163398474455
0.260505914688
0.429279327393
0.580494582653
0.325005322695
0.108932316303
0.0548244901001
0.0433579310775
0.0433579310775
0.0336830206215
0.0343996807933
0.0376246497035
0.0347580090165
0.0265164207667
0.0311747100204
0.0318913683295
0.0254414305091
0.025799760595
0.0254414305091
0.020066479221
0.0218581296504
0.0218581296504
0.0179165005684
0.020066479221
0.0179165005684
0.0168415103108
0.0150498598814
0.0121832201257
0.0111082298681
0.0111082298681
0.0111082298681
0.00788326002657
0.00859992019832
0.0128998802975
