0.0
0.000119937001728
7.99580011517e-05
0.000119937001728
0.000279853004031
0.000319832004607
0.000679643009789
0.0011593910167
0.00407785782591
0.01155393105
0.00647659786046
0.00459758518264
0.00439768983051
0.00475750118494
0.00491741718724
0.00539716519415
0.00535718584433
0.00451762694865
0.00451762694865
0.00443766918033
0.00499737495556
0.00415781605989
0.0039179418236
0.00355813093483
0.00263861403801
0.00295844604261
0.00235876091756
0.0021188869141
0.00235876091756
0.00175907602534
0.00163913902361
0.00123934901785
0.00095949601382
0.00143924402073
0.000879538012668
0.00103945401497
0.000439769006334
0.000799580011517
0.000519727007486
0.000399790005758
0.000519727007486
0.00047974800691
0.000199895002879
0.000239874003455
0.000239874003455
0.000239874003455
0.000239874003455
0.000399790005758
0.000279853004031
0.000239874003455
0.000359811005183
0.00279853004031
