0.0
4.03099984396e-05
0.0
4.03099984396e-05
0.0
0.0
0.000161239993758
0.000161239993758
0.000282169989077
0.000604650005698
0.000967440020759
0.00112867995631
0.00145115994383
0.00165271002334
0.00237829005346
0.00209612003528
0.00209612003528
0.00274108001031
0.00241860002279
0.00270077004097
0.00225735991262
0.00302325002849
0.00330542004667
0.003224800108
0.00318448990583
0.00399069022387
0.00386976008303
0.00463565019891
0.00669146003202
0.00935192033648
0.0164061691612
0.0248309597373
0.0135441599414
0.00511936983094
0.00310386996716
0.0025395299308
0.00318448990583
0.00278138997965
0.00229767011479
0.00225735991262
0.00257983990014
0.00213643000461
0.0025395299308
0.00213643000461
0.00229767011479
0.00185425998643
0.00197518989444
0.00133023003582
0.00153177999891
0.00173332996201
0.00157208996825
0.019751900807
