0.0
5.23989983776e-05
0.0
5.23989983776e-05
5.23989983776e-05
5.23989983776e-05
0.000419191987021
0.000943181978073
0.000995581038296
0.00167676794808
0.00183396495413
0.0023579550907
0.00293434411287
0.0034583339002
0.00366792990826
0.00445391517133
0.00670707179233
0.00749305682257
0.00880303233862
0.0182872507721
0.0368364974856
0.0164532866329
0.00707386480644
0.0047159101814
0.00508270319551
0.00487310718745
0.00529229920357
0.00382512691431
0.00492550618947
0.00539709720761
0.00466351117939
0.00508270319551
0.00356313190423
0.00351073290221
0.00372032891028
0.00303914188407
0.00288194511086
0.00241035409272
0.00193876295816
0.00241035409272
0.00272474810481
0.00251515209675
0.00162436894607
0.00104798004031
0.00141477305442
0.00115277804434
0.00115277804434
0.00120517704636
0.00120517704636
0.00178156595211
0.000733586028218
0.0128377545625
