0.0
2.58880008914e-05
0.0
5.17760017829e-05
2.58880008914e-05
2.58880008914e-05
0.0
2.58880008914e-05
0.000103552003566
0.000103552003566
0.000310656003421
0.000440095987869
0.000673088012263
0.000724864017684
0.00106140796561
0.00121673604008
0.00132028805092
0.00093196798116
0.00137206399813
0.00121673604008
0.00150150398258
0.00139795197174
0.00152739195619
0.00191571202595
0.00150150398258
0.00186393596232
0.00152739195619
0.00188982405234
0.00176038395148
0.00183804798871
0.00165683205705
0.00212281593122
0.00209692795761
0.00209692795761
0.00235580792651
0.00227814400569
0.00222636805847
0.00289945607074
0.00390908820555
0.00367609597743
0.00629078410566
0.0100963199511
0.0114942723885
0.00670499214903
0.00243347208016
0.00163094396703
0.00183804798871
0.00142383994535
0.00121673604008
0.00160505599342
0.00121673604008
0.02016675286
