0.0
0.0
0.0
5.23989983776e-05
0.0
0.000104797996755
0.000628788024187
0.000785984972026
0.00110037904233
0.00157196994405
0.00209596008062
0.00225315708667
0.00293434411287
0.00309154088609
0.00387752591632
0.00429671816528
0.00634027877823
0.00754545582458
0.00869823433459
0.0189160387963
0.0384084656835
0.0171344727278
0.00707386480644
0.0047159101814
0.00461111217737
0.00482070818543
0.00492550618947
0.0040347231552
0.00408712215722
0.00508270319551
0.00419192016125
0.00497790519148
0.00351073290221
0.00351073290221
0.00330113689415
0.00324873789214
0.00293434411287
0.00256755109876
0.00220075808465
0.00214835908264
0.00277714710683
0.0026723491028
0.00178156595211
0.00125757604837
0.00130997505039
0.00115277804434
0.000995581038296
0.00120517704636
0.00141477305442
0.0017291669501
0.000681187026203
0.0125757595524
