0.0
7.99580011517e-05
7.99580011517e-05
0.000119937001728
0.000119937001728
0.000439769006334
0.000639664009213
0.00111941201612
0.00387796293944
0.0124334692955
0.00639664009213
0.00487743783742
0.00395792117342
0.0046375640668
0.00527722807601
0.00535718584433
0.00591689208522
0.00511731207371
0.00447764806449
0.00475750118494
0.00483745895326
0.00431773206219
0.00327827804722
0.00347817293368
0.00267859292217
0.00271857203916
0.00239874003455
0.0019589709118
0.00207890802994
0.00163913902361
0.00163913902361
0.00135928601958
0.000919517013244
0.00139926502015
0.000879538012668
0.000879538012668
0.000439769006334
0.000799580011517
0.000519727007486
0.000359811005183
0.00047974800691
0.000439769006334
0.000199895002879
0.000279853004031
0.000279853004031
0.000239874003455
0.000199895002879
0.000439769006334
0.000279853004031
0.000279853004031
0.000239874003455
0.00255865603685
