0.0
0.0
4.03099984396e-05
0.0
4.03099984396e-05
4.03099984396e-05
0.000120930002595
0.000161239993758
0.000524030008819
0.0004031000135
0.000846509996336
0.00104806001764
0.00141084997449
0.00185425998643
0.00217673997395
0.00177364004776
0.00217673997395
0.00245890999213
0.00266046007164
0.00290231988765
0.00213643000461
0.00298294005916
0.00358759006485
0.00334573001601
0.00354728009552
0.00435347994789
0.00395037978888
0.0052403002046
0.00588526017964
0.0095534697175
0.0167286507785
0.0249115806073
0.012899200432
0.00475658010691
0.00302325002849
0.00266046007164
0.00302325002849
0.00290231988765
0.0025395299308
0.00193488004152
0.00290231988765
0.00213643000461
0.00294263008982
0.00197518989444
0.00189456995577
0.00165271002334
0.00209612003528
0.00141084997449
0.00141084997449
0.00181395001709
0.00149147002958
0.0196309704334
