0.0
0.0
2.58880008914e-05
2.58880008914e-05
0.0
2.58880008914e-05
0.0
7.76640008553e-05
0.000103552003566
0.000155328001711
0.000310656003421
0.00046598399058
0.000647199980449
0.000595423975028
0.000957856012974
0.00126851198729
0.00108729605563
0.00100963201839
0.00147561600897
0.001035519992
0.00134617602453
0.00144972803537
0.0012943999609
0.00194159999955
0.00137206399813
0.00181216001511
0.00155328004621
0.00186393596232
0.00176038395148
0.0017862720415
0.00165683205705
0.00240758410655
0.002071039984
0.00168272003066
0.002071039984
0.00225225603208
0.00240758410655
0.00282179191709
0.00409030402079
0.00380553607829
0.00670499214903
0.0102775357664
0.0120638078079
0.00670499214903
0.00238169590011
0.00173449597787
0.00160505599342
0.00165683205705
0.00121673604008
0.00157916801982
0.00116495997645
0.0199855361134
