0.0
0.000104797996755
0.000628788024187
0.000681187026203
0.000157197006047
0.00020959599351
0.000785984972026
0.00115277804434
0.00146717205644
0.00193876295816
0.00214835908264
0.00251515209675
0.00303914188407
0.00351073290221
0.00487310718745
0.00497790519148
0.00634027877823
0.00770265283063
0.00890783034265
0.0194400288165
0.0381988696754
0.0183920487761
0.00765025382861
0.0047159101814
0.00461111217737
0.00424431916326
0.00544949620962
0.00366792990826
0.00429671816528
0.00487310718745
0.00419192016125
0.00429671816528
0.00298674311489
0.0034583339002
0.0031439398881
0.00288194511086
0.00272474810481
0.0023579550907
0.00162436894607
0.00199116207659
0.00251515209675
0.00204356107861
0.00157196994405
0.00104798004031
0.00110037904233
0.00104798004031
0.000890782976057
0.000838383974042
0.00120517704636
0.00151957094204
0.000576389022171
0.0106369974092
