0.0
0.000919517013244
0.00111941201612
0.000599685008638
0.000599685008638
0.000759601010941
0.00047974800691
0.00127932801843
0.00427775317803
0.0155918104574
0.00743609387428
0.00531720696017
0.00447764806449
0.00415781605989
0.00563703896478
0.00515729095787
0.00539716519415
0.00447764806449
0.00411783717573
0.00427775317803
0.00407785782591
0.00363808893599
0.00323829893023
0.00283850892447
0.0021188869141
0.00239874003455
0.0019589709118
0.00187901302706
0.00183903402649
0.00147922302131
0.00123934901785
0.00103945401497
0.000839559012093
0.00103945401497
0.000719622010365
0.000759601010941
0.000559706008062
0.000719622010365
0.000359811005183
0.000439769006334
0.000359811005183
0.000399790005758
0.000159916002303
0.000159916002303
0.000239874003455
0.000199895002879
0.000199895002879
0.000399790005758
0.000119937001728
0.000239874003455
0.000199895002879
0.00223882403225
