0.0
2.58880008914e-05
0.000258879998
0.000181216004421
2.58880008914e-05
2.58880008914e-05
0.0
7.76640008553e-05
0.000129439999
0.000181216004421
0.000310656003421
0.000673088012263
0.000776640023105
0.000724864017684
0.00106140796561
0.00134617602453
0.00126851198729
0.00124262401368
0.00139795197174
0.00124262401368
0.00139795197174
0.00155328004621
0.00137206399813
0.00196748808958
0.00160505599342
0.00188982405234
0.00170860800426
0.00183804798871
0.00188982405234
0.00183804798871
0.00181216001511
0.00243347208016
0.00230403197929
0.002071039984
0.00220048008487
0.00240758410655
0.00235580792651
0.00297711999156
0.00390908820555
0.00398675212637
0.00636844802648
0.0102516477928
0.0123744644225
0.00675676809624
0.00251113600098
0.00134617602453
0.00160505599342
0.00139795197174
0.00134617602453
0.00147561600897
0.000983744044788
0.0169048644602
