0.0
4.03099984396e-05
0.000322479987517
0.000282169989077
4.03099984396e-05
8.06199968792e-05
0.000120930002595
0.000362789985957
0.00044341001194
0.000806200027
0.000967440020759
0.00133023003582
0.001612400054
0.00181395001709
0.00237829005346
0.00229767011479
0.00245890999213
0.00221704994328
0.00270077004097
0.00290231988765
0.00217673997395
0.00290231988765
0.0037488299422
0.00354728009552
0.00366821000353
0.00423255003989
0.00439378991723
0.00528061017394
0.00648991018534
0.00963408965617
0.0169705096632
0.025999950245
0.0129798203707
0.00544185005128
0.00274108001031
0.00241860002279
0.00310386996716
0.00274108001031
0.00233798008412
0.00193488004152
0.00229767011479
0.00213643000461
0.00266046007164
0.00209612003528
0.00197518989444
0.00181395001709
0.001612400054
0.00104806001764
0.00128991995007
0.00173332996201
0.00112867995631
0.0162449292839
