0.0
88.9980010986
88.9980010986
533.987976074
771.315979004
1186.64001465
1423.96801758
1779.95996094
3292.92602539
3589.5859375
4538.89794922
4479.56591797
4894.89013672
3559.91992188
3619.25195312
2996.26611328
2640.27392578
2402.94604492
2373.2800293
1928.29003906
1690.96203613
1097.64196777
1512.96594238
1275.63793945
1097.64196777
860.314025879
800.981994629
652.651977539
652.651977539
385.657989502
652.651977539
504.321990967
207.662002563
266.993988037
415.324005127
177.996002197
177.996002197
207.662002563
177.996002197
237.32800293
29.6660003662
118.664001465
177.996002197
148.330001831
237.32800293
118.664001465
118.664001465
118.664001465
29.6660003662
88.9980010986
0.0
474.656005859
