0.0
919.645996094
622.986022949
2017.28796387
2165.61791992
2847.93603516
3025.93188477
3292.92602539
3856.58007812
3708.25
4627.89599609
4627.89599609
4153.24023438
3352.25805664
2580.94189453
2462.27807617
2076.62011719
1928.29003906
1631.63000488
1661.29602051
1216.30603027
652.651977539
1097.64196777
800.981994629
652.651977539
563.653991699
682.317993164
385.657989502
444.989990234
237.32800293
355.992004395
266.993988037
177.996002197
237.32800293
148.330001831
59.3320007324
148.330001831
59.3320007324
88.9980010986
118.664001465
29.6660003662
59.3320007324
148.330001831
118.664001465
118.664001465
0.0
88.9980010986
88.9980010986
0.0
0.0
29.6660003662
266.993988037
