0.0
118.664001465
29.6660003662
296.660003662
889.979980469
1423.96801758
1868.95800781
1987.62194824
3619.25195312
4093.90795898
4894.89013672
4509.23193359
5666.20605469
3619.25195312
3589.5859375
2788.60400391
2373.2800293
2402.94604492
2313.94799805
1809.62597656
1690.96203613
1038.31005859
1394.30200195
830.648010254
830.648010254
860.314025879
593.320007324
415.324005127
622.986022949
474.656005859
504.321990967
444.989990234
237.32800293
266.993988037
266.993988037
148.330001831
118.664001465
207.662002563
177.996002197
148.330001831
59.3320007324
88.9980010986
177.996002197
118.664001465
177.996002197
59.3320007324
59.3320007324
29.6660003662
29.6660003662
29.6660003662
0.0
504.321990967
