0.000105819002783
3.52729985025e-05
0.000176365007064
0.000246910989517
0.000317456986522
0.000423276011134
0.00056436797604
0.000740732997656
0.000811278994661
0.000811278994661
0.000952370988671
0.000846552022267
0.00141092005651
0.00158728496172
0.00144619296771
0.00172837695573
0.00232801795937
0.00250438298099
0.00165783101693
0.00218692608178
0.00215165293775
0.00275129405782
0.00285711302422
0.00250438298099
0.00243383692577
0.00335093494505
0.00296293199062
0.00310402410105
0.00455021718517
0.00998225901276
0.0226099938154
0.0381301119924
0.0175659544766
0.00670186989009
0.00377421104349
0.00292765907943
0.00229274504818
0.00208110711537
0.00194001500495
0.00197528791614
0.00172837695573
0.00172837695573
0.00137564702891
0.00155201205052
0.00172837695573
0.00162255798932
0.00137564702891
0.00172837695573
0.00148146599531
0.0013403740013
0.000917098019272
0.0164724905044
