4.4443000661e-05
0.000133328998345
0.000399987009587
0.000711088010576
0.000622202001978
0.000977745978162
0.00115551799536
0.00226659304462
0.00222215009853
0.00235547893681
0.00293323793449
0.00226659304462
0.00391098391265
0.00377765507437
0.00315545289777
0.00462207198143
0.00391098391265
0.00475540105253
0.00644423486665
0.0191549323499
0.0715532302856
0.0179549716413
0.005066501908
0.00395542709157
0.00413319887593
0.00399986980483
0.00342211103998
0.00266658002511
0.0030221240595
0.00311100995168
0.00306656700559
0.00315545289777
0.00248880800791
0.00226659304462
0.00257769390009
0.0027110229712
0.00239992211573
0.00177772005554
0.00204437808134
0.00191104901023
0.00137773295864
0.00133329001255
0.00164439098444
0.00133329001255
0.00142217602115
0.000977745978162
0.00102218904067
0.000755531014875
0.000844417023472
0.000977745978162
0.000755531014875
0.0091997012496
