0.00016892500571
0.00016892500571
0.000506774988025
0.00118247501086
0.0022973800078
0.0029055099003
0.0036149949301
0.00351364002563
0.00537181505933
0.0595629550517
0.0093246595934
0.00462854513898
0.00449340511113
0.00331092998385
0.00364878005348
0.00385149009526
0.00351364002563
0.00310821994208
0.00293929502368
0.00341228488833
0.00287172500975
0.00226359488443
0.00253387494013
0.00216223997995
0.00189196004067
0.00165546499193
0.00131761503872
0.00131761503872
0.00165546499193
0.00111490499694
0.00111490499694
0.000945980020333
0.00101354997605
0.000743269978557
0.000709484971594
0.000675700022839
0.000472990010167
0.000506774988025
0.000506774988025
0.000709484971594
0.000472990010167
0.000472990010167
0.00016892500571
0.000304065004457
0.000270279997494
0.000439205003204
0.000371634989278
0.00033785001142
0.000270279997494
0.000304065004457
0.00010135499906
0.00219602510333
