0.000140435993671
4.68120015285e-05
4.68120015285e-05
0.000117030002002
0.000117030002002
0.000163842007169
0.000327684014337
0.000187248006114
0.000234060004004
0.000327684014337
0.000468120008009
0.000444714009063
0.00072558602551
0.000631961971521
0.000702180026565
0.000702180026565
0.0009830519557
0.00114689394832
0.000959646014962
0.0009830519557
0.00114689394832
0.00119370594621
0.00107667595148
0.00135754805524
0.00121711194515
0.00159160804469
0.00152139004786
0.000889428018127
0.00133414205629
0.00156820204575
0.0015447960468
0.00175545003731
0.0019661039114
0.00177885603625
0.00159160804469
0.0018022620352
0.00168523204047
0.00194269802887
0.00257465988398
0.00482163578272
0.00837934762239
0.0151436822489
0.0174608752131
0.0103220455348
0.0054535982199
0.00346408807673
0.0019661039114
0.00159160804469
0.00121711194515
0.00126392394304
0.000959646014962
0.0176715292037
