0.00016892500571
0.00033785001142
0.000540559994988
0.00104733498301
0.000844624999445
0.00155410997104
0.00192574504763
0.00270280009136
0.0040541999042
0.0603737942874
0.00908816512674
0.00388527498581
0.00452718976885
0.00385149009526
0.00391905987635
0.00395284499973
0.00395284499973
0.00334471510723
0.00327714509331
0.00341228488833
0.00351364002563
0.00256766006351
0.00263523007743
0.0024663049262
0.00239873491228
0.00172303500585
0.00175682001282
0.00145275495015
0.0020270999521
0.00138518505264
0.00128383003175
0.00118247501086
0.0011486900039
0.000945980020333
0.000743269978557
0.000844624999445
0.000472990010167
0.000472990010167
0.000506774988025
0.000743269978557
0.000709484971594
0.000472990010167
0.00033785001142
0.000405419996241
0.000270279997494
0.000371634989278
0.000405419996241
0.000304065004457
0.000236495005083
0.000405419996241
0.00016892500571
0.0022973800078
