4.68120015285e-05
0.0
7.02179968357e-05
4.68120015285e-05
0.000210654005059
9.36240030569e-05
0.000210654005059
7.02179968357e-05
0.000210654005059
0.000163842007169
0.000257465988398
0.000210654005059
0.000327684014337
0.000374496012228
0.000444714009063
0.000397902011173
0.000327684014337
0.00049152597785
0.000585149973631
0.00049152597785
0.000655368028674
0.000585149973631
0.000585149973631
0.000866022019181
0.000702180026565
0.00067877402762
0.000748992024455
0.000631961971521
0.000936240016017
0.000819210021291
0.000912834017072
0.0009830519557
0.00140436005313
0.00107667595148
0.00145117205102
0.00131073605735
0.00147457804997
0.00187248003203
0.00290234410204
0.00498547777534
0.0103220455348
0.0192865431309
0.0207611229271
0.0134818563238
0.0061791841872
0.00351090007462
0.00212994590402
0.00149798404891
0.000936240016017
0.00112348794937
0.00107667595148
0.0177885591984
