0.000176365007064
3.52729985025e-05
0.000105819002783
0.000105819002783
0.000211638005567
0.000105819002783
0.000388003012631
0.000423276011134
0.000423276011134
0.000388003012631
0.000388003012631
0.000599641003646
0.00056436797604
0.000987643958069
0.000811278994661
0.00102291698568
0.00148146599531
0.00144619296771
0.000881824991666
0.0013051009737
0.00119928200729
0.00194001500495
0.00162255798932
0.00162255798932
0.00204583397135
0.00243383692577
0.00208110711537
0.00264547509141
0.00419748714194
0.00994698610157
0.0270543918014
0.0456079877913
0.018871055916
0.00673714280128
0.00345675391145
0.00328038888983
0.00204583397135
0.00211638002656
0.00172837695573
0.00201056106016
0.00201056106016
0.00179892301094
0.00176364998333
0.00165783101693
0.00155201205052
0.00201056106016
0.00186946894974
0.00186946894974
0.00144619296771
0.00151673902292
0.00102291698568
0.0175659544766
