0.000133328998345
0.000177772002644
0.000311101000989
0.000666645006277
0.000577758997679
0.000888860027771
0.000755531014875
0.00119996105786
0.00102218904067
0.00119996105786
0.00133329001255
0.00177772005554
0.00177772005554
0.00235547893681
0.002533250954
0.00333322491497
0.0027110229712
0.00413319887593
0.00626646308228
0.0184882879257
0.0782641246915
0.0180438589305
0.00519983097911
0.00475540105253
0.00413319887593
0.00382209802046
0.00346655398607
0.00315545289777
0.00319989607669
0.00346655398607
0.00368876894936
0.00342211103998
0.00306656700559
0.00297768111341
0.00244436506182
0.00222215009853
0.00199993490241
0.00182216300163
0.00204437808134
0.00244436506182
0.00173327699304
0.00177772005554
0.00204437808134
0.00128884695005
0.00155550497584
0.00159994803835
0.00102218904067
0.00111107504927
0.000888860027771
0.000977745978162
0.000755531014875
0.0107107628137
