0.00968857388943
0.000844417023472
0.000666645006277
0.00142217602115
0.000933302973863
0.000888860027771
0.00106663198676
0.00186660594773
0.00213326397352
0.00226659304462
0.00257769390009
0.00266658002511
0.00293323793449
0.00311100995168
0.00275546591729
0.00457762880251
0.00297768111341
0.00488873012364
0.00653312122449
0.0206659957767
0.0840861573815
0.0221326146275
0.00564426090568
0.00368876894936
0.00297768111341
0.0030221240595
0.00275546591729
0.00244436506182
0.00213326397352
0.00248880800791
0.00195549195632
0.00191104901023
0.00164439098444
0.00177772005554
0.00128884695005
0.00173327699304
0.00102218904067
0.000799974019174
0.00102218904067
0.00102218904067
0.000888860027771
0.00102218904067
0.000977745978162
0.000622202001978
0.000666645006277
0.000622202001978
0.000622202001978
0.000311101000989
0.000222215006943
0.000488872989081
0.000399987009587
0.00288879498839
