0.00881825014949
0.00105819001328
0.000493821979035
0.000740732997656
0.000458549009636
0.000705460028257
0.000811278994661
0.000881824991666
0.000740732997656
0.000987643958069
0.00102291698568
0.00119928200729
0.00116400897969
0.00169310404453
0.00172837695573
0.00162255798932
0.00201056106016
0.00211638002656
0.00194001500495
0.00208110711537
0.00232801795937
0.00239856401458
0.00243383692577
0.00271602091379
0.00239856401458
0.00264547509141
0.00229274504818
0.00303347804584
0.00430330587551
0.0107229920104
0.0256081987172
0.042398147285
0.0190826933831
0.0064549590461
0.00395057583228
0.0026807480026
0.00155201205052
0.00141092005651
0.0013403740013
0.0013403740013
0.00109346304089
0.00112873595208
0.00109346304089
0.00112873595208
0.00119928200729
0.000881824991666
0.000881824991666
0.000811278994661
0.000670187000651
0.000529095006641
0.000740732997656
0.00705459993333
