0.0057110642083
0.000795804022346
0.000140435993671
0.000374496012228
0.000374496012228
0.000234060004004
0.000444714009063
0.000351090013282
0.00053833797574
0.000444714009063
0.000444714009063
0.000585149973631
0.000748992024455
0.000702180026565
0.000912834017072
0.000631961971521
0.00100645795465
0.00102986395359
0.000959646014962
0.00105326995254
0.00126392394304
0.000912834017072
0.000959646014962
0.00145117205102
0.00117029994726
0.00156820204575
0.00145117205102
0.0012405179441
0.00149798404891
0.00170863803942
0.00145117205102
0.00159160804469
0.00175545003731
0.0018022620352
0.00175545003731
0.00182566803414
0.00170863803942
0.00187248003203
0.0026214721147
0.00470460578799
0.0085900016129
0.0153309302405
0.0179992131889
0.0107433544472
0.00580468820408
0.00287893810309
0.00182566803414
0.00119370594621
0.000889428018127
0.00107667595148
0.0007723980234
0.00980711355805
