0.00476368516684
0.000878410006408
0.00104733498301
0.00128383003175
0.00172303500585
0.00236495002173
0.00256766006351
0.00293929502368
0.00500018009916
0.076658166945
0.0120274601504
0.00381770497188
0.00385149009526
0.00297307991423
0.00277037010528
0.00263523007743
0.00256766006351
0.00222980999388
0.00226359488443
0.00206088507548
0.00209466996603
0.00155410997104
0.00141896994319
0.00125004502479
0.00104733498301
0.00111490499694
0.000675700022839
0.000777054985519
0.000709484971594
0.000472990010167
0.00033785001142
0.000641915015876
0.000472990010167
0.000405419996241
0.00033785001142
0.000304065004457
0.000270279997494
0.00016892500571
0.000202709998121
0.000405419996241
0.000472990010167
0.000135139998747
3.37849996868e-05
0.000202709998121
0.000202709998121
0.000202709998121
0.00016892500571
0.00016892500571
3.37849996868e-05
0.00010135499906
0.0
0.000608130008914
