2.29988145828
55.2935180664
25.5248298645
10.9109458923
5.49401855469
3.01939749718
1.74868083
1.15122556686
0.741358458996
0.486958146095
0.334060996771
0.256969988346
0.177309304476
0.14775775373
0.0925092026591
0.0835152491927
0.0539636984468
0.043684899807
0.0385455004871
0.0385455004871
0.0282666999847
0.0179878994823
0.0167030505836
0.0102787995711
0.0102787995711
0.0154181998223
0.00770909991115
0.00385454995558
0.0128485001624
0.00256969989277
0.00385454995558
0.00385454995558
0.00385454995558
0.00128484994639
0.00513939978555
0.00256969989277
0.0
0.0
0.0
0.00256969989277
0.0
0.00256969989277
0.0
0.0
0.0
0.00128484994639
0.0
0.00128484994639
0.0
0.0
0.0
0.00513939978555
