2.04419636726
56.8507575989
24.5727558136
10.5884485245
5.24604272842
2.96286416054
1.81035363674
1.1422317028
0.749067544937
0.525503635406
0.385455012321
0.271103352308
0.209430545568
0.173454746604
0.104072846472
0.0912243500352
0.0462546013296
0.0462546013296
0.0565333999693
0.0475394502282
0.029551550746
0.0218424499035
0.0128485001624
0.0154181998223
0.0154181998223
0.0141333499923
0.00899394974113
0.00642425008118
0.0141333499923
0.00128484994639
0.00128484994639
0.00385454995558
0.00513939978555
0.00128484994639
0.00385454995558
0.00256969989277
0.00256969989277
0.00128484994639
0.0
0.00385454995558
0.00128484994639
0.00256969989277
0.00128484994639
0.0
0.0
0.0
0.0
0.00128484994639
0.0
0.0
0.0
0.00128484994639
