4.25927782059
71.0650558472
19.7507133484
6.5938501358
2.81125187874
1.48014724255
0.765770614147
0.459976285696
0.265963941813
0.186303243041
0.128484994173
0.0963637530804
0.057818248868
0.0655273497105
0.0231273006648
0.0192727502435
0.0154181998223
0.00899394974113
0.0141333499923
0.00128484994639
0.00385454995558
0.00513939978555
0.0
0.00385454995558
0.00385454995558
0.00128484994639
0.00385454995558
0.0
0.00128484994639
0.00128484994639
0.00128484994639
0.00128484994639
0.00128484994639
0.0
0.0
0.0
0.0
0.0
0.0
0.0
0.0
0.0
0.0
0.0
0.0
0.0
0.0
0.0
0.0
0.0
0.0
0.0
