0.00189306004904
0.00108405994251
0.000210340003832
0.000194160005776
0.000275060010608
0.000291239994112
0.000550120021217
0.000647199980449
0.000711919972673
0.000679560005665
0.00100316002499
0.000938439974561
0.000825179973617
0.00114877999295
0.00126203999389
0.0012943999609
0.00156946002971
0.00203868001699
0.00506433984265
0.0121349999681
0.00640727998689
0.00163417996373
0.00113260000944
0.00114877999295
0.00100316002499
0.000808999990113
0.000808999990113
0.000970799999777
0.000808999990113
0.000728100014385
0.000889900024049
0.000760459981393
0.000663380022161
0.000695739989169
0.000679560005665
0.000582479988225
0.000501580012497
0.000485399999889
0.000339780002832
0.000533939979505
0.000420680007664
0.000501580012497
0.00030742000672
0.000291239994112
0.000275060010608
0.000275060010608
0.000258879998
0.000129439999
0.000291239994112
0.000258879998
0.000226520001888
0.00197396008298
