0.00103802001104
0.00065177999204
0.000120700002299
0.000144839999848
0.000120700002299
0.000156909998623
7.2419999924e-05
0.000217260007048
0.000217260007048
0.000337959994795
0.00047073001042
0.000422449986218
0.000555220001843
0.000519010005519
0.000494870007969
0.000687989988364
0.000567290000618
0.000337959994795
0.000784549978562
0.000893180025741
0.000796619977336
0.000784549978562
0.00096560001839
0.000712129985914
0.00111044000369
0.0011466499418
0.00126735004596
0.00178636005148
0.00276402989402
0.00584188010544
0.00667471019551
0.00214845989831
0.000784549978562
0.000639709993266
0.000700059987139
0.000784549978562
0.000531080004293
0.000531080004293
0.000663849990815
0.000519010005519
0.000446590012871
0.000494870007969
0.000410379987443
0.000289679999696
0.000289679999696
0.000374169991119
0.000362099992344
0.000241400004597
0.000265540002147
0.000277610000921
0.000241400004597
0.00375376990996
