0.00460333516821
0.00093401002232
0.000320232007653
0.000520377012435
0.000507034012116
0.000640464015305
0.00093401002232
0.00117418402806
0.00370935397223
0.00916664116085
0.00158781697974
0.00114749802742
0.00129427097272
0.00124089897145
0.00130761403125
0.00101406802423
0.00125424202997
0.00125424202997
0.000907324021682
0.00104075402487
0.000773894018494
0.000680493016262
0.000600435014348
0.000760551018175
0.000560406013392
0.000493691011798
0.000413633009885
0.000400290009566
0.000453662010841
0.000373604008928
0.000360261008609
0.000280203006696
0.000253517006058
0.000266860006377
0.000306889007334
0.000186802004464
0.000253517006058
0.000133430003189
0.000200145004783
0.000146773003507
2.66860006377e-05
0.000106744002551
0.000160116003826
8.00580019131e-05
5.33720012754e-05
5.33720012754e-05
8.00580019131e-05
4.00290009566e-05
2.66860006377e-05
4.00290009566e-05
8.00580019131e-05
0.000440319010522
