0.000724343582988
0.000582624226809
0.000118099502288
5.51131015527e-05
8.66062982823e-05
2.36198993662e-05
7.87329990999e-05
8.66062982823e-05
7.08596999175e-05
7.87329990999e-05
0.000149592699017
0.000110226203105
0.00025194560294
0.000244072303758
0.0003149319964
0.000299185398035
0.00028343879967
0.000322805310134
0.000377918389859
0.00028343879967
0.000456651410786
0.000464524695417
0.000464524695417
0.000448778097052
0.000480271293782
0.000559004314709
0.000385791703593
0.00053538440261
0.00063773727743
0.000488144607516
0.000409411586588
0.000488144607516
0.000543257687241
0.0006062440807
0.000614117423538
0.000779456691816
0.000787329976447
0.00124398141634
0.00132271437906
0.0027162884362
0.00396026996896
0.00229900353588
0.000921176106203
0.000472398009151
0.000299185398035
0.000204705793294
0.00028343879967
0.000299185398035
0.000212579107028
0.000330678594764
0.0003149319964
0.00372407096438
