0.00189306004904
0.00105169997551
0.000194160005776
0.000226520001888
0.000291239994112
0.00030742000672
0.000533939979505
0.000631019996945
0.000695739989169
0.000663380022161
0.000970799999777
0.000938439974561
0.000841360015329
0.00113260000944
0.0012943999609
0.00127821997739
0.00155328004621
0.00208722008392
0.0050805201754
0.0121673597023
0.00635873991996
0.00161799998023
0.00113260000944
0.00113260000944
0.001035519992
0.000808999990113
0.000808999990113
0.000970799999777
0.000808999990113
0.000728100014385
0.000889900024049
0.000776640023105
0.000663380022161
0.000695739989169
0.000663380022161
0.000582479988225
0.000501580012497
0.000485399999889
0.000339780002832
0.000533939979505
0.000420680007664
0.000501580012497
0.00030742000672
0.000291239994112
0.000291239994112
0.000275060010608
0.000275060010608
0.000129439999
0.000291239994112
0.000258879998
0.000242699999944
0.00195777998306
