0.00106216000859
0.000639709993266
0.000156909998623
8.44899986987e-05
0.000120700002299
0.000156909998623
7.2419999924e-05
0.000253470003372
0.000217260007048
0.000362099992344
0.000434520014096
0.000434520014096
0.000555220001843
0.000506940006744
0.000494870007969
0.000663849990815
0.000579359999392
0.00032588999602
0.000784549978562
0.000893180025741
0.000796619977336
0.000760409981012
0.000953530019615
0.000712129985914
0.00112250994425
0.00115871999878
0.00126735004596
0.00178636005148
0.00275195995346
0.00584188010544
0.00666263978928
0.00218466995284
0.000796619977336
0.00065177999204
0.000712129985914
0.000772479979787
0.000531080004293
0.000531080004293
0.000663849990815
0.000531080004293
0.000446590012871
0.000482800009195
0.000410379987443
0.000289679999696
0.000289679999696
0.000374169991119
0.000362099992344
0.000229330005823
0.000265540002147
0.000277610000921
0.000241400004597
0.00375376990996
