0.000700723729096
0.000582624226809
0.000102352896647
5.51131015527e-05
7.08596999175e-05
4.72397987323e-05
7.87329990999e-05
7.08596999175e-05
4.72397987323e-05
8.66062982823e-05
0.000141719399835
0.000102352896647
0.000236199004576
0.00025194560294
0.000299185398035
0.000299185398035
0.00028343879967
0.000322805310134
0.000377918389859
0.00028343879967
0.000456651410786
0.000448778097052
0.000464524695417
0.000448778097052
0.000480271293782
0.000559004314709
0.000393664988223
0.000519637775142
0.00063773727743
0.000488144607516
0.000417284900323
0.000488144607516
0.000551130971871
0.00059837079607
0.000614117423538
0.000795203319285
0.000795203319285
0.00123610813171
0.00133846094832
0.00275565497577
0.00396814337
0.00232262350619
0.000921176106203
0.000464524695417
0.000299185398035
0.000204705793294
0.00028343879967
0.000307058711769
0.000212579107028
0.000330678594764
0.000307058711769
0.00374769070186
