0.00147253996693
0.000748339982238
0.000181049996172
0.000181049996172
0.000168979997397
0.000181049996172
9.65599974734e-05
0.000253470003372
0.000217260007048
0.000362099992344
0.00047073001042
0.000410379987443
0.000543150003068
0.000519010005519
0.000494870007969
0.000663849990815
0.000567290000618
0.00032588999602
0.000760409981012
0.00085696997121
0.000748339982238
0.000772479979787
0.00096560001839
0.000687989988364
0.00111044000369
0.0011466499418
0.00127941998653
0.0017260099994
0.00272782007232
0.00579359987751
0.00659022014588
0.00214845989831
0.000760409981012
0.00065177999204
0.00067591998959
0.000760409981012
0.000531080004293
0.000494870007969
0.00065177999204
0.000506940006744
0.000422449986218
0.00047073001042
0.000410379987443
0.000277610000921
0.000289679999696
0.000350029993569
0.000350029993569
0.000229330005823
0.000265540002147
0.000277610000921
0.000229330005823
0.00363307003863
