0.00236227991991
0.00126203999389
0.000275060010608
0.000291239994112
0.000372139998944
0.000372139998944
0.000550120021217
0.000598659971729
0.000711919972673
0.000679560005665
0.00100316002499
0.000938439974561
0.000825179973617
0.00114877999295
0.00126203999389
0.00126203999389
0.00152091996279
0.00202249991708
0.00501579977572
0.0120055601001
0.00631019985303
0.00156946002971
0.00113260000944
0.00108405994251
0.00100316002499
0.000792820006609
0.000776640023105
0.000954620016273
0.000792820006609
0.000711919972673
0.000857539998833
0.000744279997889
0.000614840013441
0.000663380022161
0.000663380022161
0.000566300004721
0.000501580012497
0.000453040003777
0.000339780002832
0.000533939979505
0.000420680007664
0.000485399999889
0.000291239994112
0.000258879998
0.000275060010608
0.000258879998
0.000258879998
0.000129439999
0.000291239994112
0.000258879998
0.000226520001888
0.00190924003255
