0.00098416255787
0.000669230474159
0.000118099502288
0.000102352896647
0.000133846100653
7.08596999175e-05
0.000110226203105
9.44795974647e-05
6.29864007351e-05
0.000110226203105
0.000149592699017
0.000102352896647
0.000220452406211
0.000259818887571
0.000307058711769
0.000291312113404
0.00028343879967
0.000338551908499
0.000377918389859
0.000275565485936
0.000440904812422
0.000440904812422
0.000448778097052
0.000440904812422
0.000480271293782
0.000543257687241
0.000385791703593
0.000503891205881
0.00063773727743
0.000488144607516
0.000417284900323
0.000488144607516
0.000543257687241
0.000590497511439
0.000590497511439
0.000771583407186
0.000763710122555
0.0012124881614
0.00133058766369
0.00264542875811
0.00391303002834
0.00228325696662
0.000921176106203
0.000440904812422
0.000291312113404
0.000204705793294
0.00028343879967
0.000299185398035
0.000204705793294
0.000322805310134
0.000299185398035
0.00360597134568
