150.348449707
173.628204346
169.101593018
123.188728333
92.4723815918
77.5991973877
60.1393814087
51.73279953
41.7095718384
33.3029899597
24.2497501373
24.2497501373
15.1965103149
16.8131599426
10.3465595245
10.6698904037
9.37656974792
9.05323982239
4.52661991119
4.52661991119
3.87996006012
2.58663988113
2.2633099556
0.96999001503
1.61664998531
1.29331994057
0.323329985142
0.96999001503
0.646659970284
0.646659970284
0.96999001503
0.96999001503
0.96999001503
0.323329985142
0.0
0.323329985142
0.323329985142
0.0
0.323329985142
0.646659970284
0.323329985142
0.0
0.0
0.0
0.646659970284
0.0
0.0
0.0
0.0
0.0
0.0
0.646659970284
