149.055130005
174.921524048
168.454925537
123.188728333
92.7957077026
77.5991973877
60.1393814087
51.73279953
41.3862380981
32.6563301086
24.2497501373
25.2197399139
15.5198402405
16.8131599426
10.3465595245
10.6698904037
9.37656974792
9.05323982239
4.52661991119
4.52661991119
3.87996006012
2.58663988113
2.2633099556
0.96999001503
1.61664998531
1.29331994057
0.323329985142
0.96999001503
0.646659970284
0.646659970284
0.96999001503
0.96999001503
0.96999001503
0.323329985142
0.0
0.323329985142
0.323329985142
0.0
0.323329985142
0.646659970284
0.323329985142
0.0
0.0
0.0
0.646659970284
0.0
0.0
0.0
0.0
0.0
0.0
0.646659970284
