153.905075073
178.154830933
170.071578979
122.542068481
91.1790618896
76.3058776855
59.1693916321
50.7628097534
41.3862380981
32.0096702576
24.2497501373
24.2497501373
14.8731803894
16.1665000916
9.69989967346
10.6698904037
9.37656974792
9.05323982239
4.52661991119
4.20328998566
3.55662989616
2.58663988113
2.2633099556
0.96999001503
1.61664998531
1.29331994057
0.323329985142
0.96999001503
0.646659970284
0.646659970284
0.96999001503
0.96999001503
0.96999001503
0.323329985142
0.0
0.323329985142
0.323329985142
0.0
0.323329985142
0.646659970284
0.323329985142
0.0
0.0
0.0
0.646659970284
0.0
0.0
0.0
0.0
0.0
0.0
0.646659970284
