0.00303211994469
0.00413795188069
0.00453034415841
0.00460168812424
0.00433414801955
0.00436982000247
0.00451250793412
0.00395959196612
0.00483355578035
0.00488706398755
0.00508326012641
0.00558266788721
0.00572535581887
0.00568968383595
0.0060999118723
0.00626043602824
0.00597506016493
0.00677768001333
0.00675984378904
0.00692036794499
0.00595722394064
0.0067063360475
0.00567184807733
0.00552916014567
0.00519027607515
0.0059037161991
0.00527945579961
0.00486922822893
0.00470870407298
0.00454817991704
0.00410227989778
0.00408444413915
0.00436982000247
0.00379906804301
0.00381690403447
0.00331749604084
0.00331749604084
0.00308562791906
0.00283592403866
0.00269323610701
0.00258621992543
0.00230084406212
0.00214031990618
0.00235435203649
0.0019619599916
0.0015338959638
0.00194412400015
0.00171225599479
0.00149822398089
0.00164091202896
