9.97238922119
4.17633485794
2.10140037537
1.23860883713
0.767513990402
0.434042394161
0.296419203281
0.217021197081
0.111157201231
0.105864003301
0.0793979987502
0.04234559834
0.0476387999952
0.0476387999952
0.02117279917
0.0264660008252
0.02117279917
0.02117279917
0.0052931997925
0.0052931997925
0.11645039916
1.27036798
0.0582251995802
0.010586399585
0.0
0.0
0.010586399585
0.0052931997925
0.0
0.0
0.010586399585
0.0
0.0
0.0
0.0
0.0
0.0052931997925
0.0
0.0052931997925
0.0
0.0
0.0
0.0
0.0052931997925
0.0
0.0
0.0
0.0
0.0052931997925
0.0
