0.0126729998738
0.0164749007672
0.0177421998233
0.0177421998233
0.029147900641
0.0126729998738
0.0177421998233
0.00760379992425
0.00760379992425
0.00760379992425
0.00760379992425
0.00887109991163
0.010138399899
0.00126729998738
0.00126729998738
0.0050691999495
0.00380189996213
0.0050691999495
0.00887109991163
0.00126729998738
0.00380189996213
0.00253459997475
0.0050691999495
0.00253459997475
0.00253459997475
0.00633649993688
0.00126729998738
0.00253459997475
0.00253459997475
0.00380189996213
0.00380189996213
0.0050691999495
0.00253459997475
0.00633649993688
0.0
0.00126729998738
0.00380189996213
0.00380189996213
0.00633649993688
0.00126729998738
0.0443555004895
2.08217382431
6.66219615936
0.503118097782
0.010138399899
0.0
0.0
0.0
0.00253459997475
0.0
0.0
