0.0271985996515
0.0568698011339
0.0519246011972
0.0519246011972
0.042034201324
0.0222533997148
0.0222533997148
0.00741779990494
0.0197807997465
0.0247259996831
0.0148355998099
0.0173081997782
0.00989039987326
0.00494519993663
0.00494519993663
0.0296711996198
0.0247259996831
0.00989039987326
0.0148355998099
0.343691408634
16.3315238953
0.665129423141
0.0
0.00247259996831
0.0
0.00247259996831
0.0
0.00247259996831
0.00247259996831
0.0
0.00247259996831
0.0
0.0
0.00494519993663
0.00247259996831
0.00247259996831
0.0
0.0
0.0
0.0
0.0
0.0
0.0
0.0
0.0
0.0
0.0
0.0
0.0
0.0
0.0
