0.0213751997799
0.0330343991518
0.0524663999677
0.046636801213
0.0252615995705
0.0213751997799
0.0349775999784
0.0155456000939
0.0213751997799
0.00971600040793
0.0116592003033
0.00388640002348
0.00971600040793
0.0136024001986
0.00971600040793
0.00194320001174
0.00971600040793
0.00388640002348
0.00388640002348
0.00777280004695
0.00194320001174
0.00777280004695
0.0174887999892
0.0116592003033
0.00194320001174
0.0116592003033
0.00971600040793
0.0
0.00582960015163
0.00777280004695
1.24753439426
12.1236248016
0.695665597916
0.00194320001174
0.0
0.00194320001174
0.0
0.0
0.00194320001174
0.0
0.0
0.00194320001174
0.0
0.0
0.0
0.0
0.0
0.0
0.0
0.0
0.0
