0.0346163995564
0.0494519993663
0.0494519993663
0.0618150010705
0.0519246011972
0.0222533997148
0.0247259996831
0.00989039987326
0.0173081997782
0.00741779990494
0.0123629998416
0.00494519993663
0.00989039987326
0.00989039987326
0.00494519993663
0.0321438014507
0.0197807997465
0.0123629998416
0.0173081997782
0.346163988113
16.3339958191
0.672547221184
0.0
0.00247259996831
0.0
0.0
0.0
0.00247259996831
0.00247259996831
0.0
0.00247259996831
0.0
0.0
0.00247259996831
0.0
0.00247259996831
0.00247259996831
0.0
0.0
0.0
0.0
0.0
0.0
0.0
0.0
0.0
0.0
0.0
0.0
0.0
0.0
