0.0126729998738
0.0240787006915
0.020276799798
0.0380190014839
0.0240787006915
0.0215441007167
0.0228113997728
0.00633649993688
0.0050691999495
0.0139402998611
0.0126729998738
0.0114056998864
0.0139402998611
0.00380189996213
0.00253459997475
0.00633649993688
0.00126729998738
0.00633649993688
0.00760379992425
0.00253459997475
0.00887109991163
0.00126729998738
0.00633649993688
0.00126729998738
0.00380189996213
0.00633649993688
0.00253459997475
0.00380189996213
0.00253459997475
0.00380189996213
0.00380189996213
0.0050691999495
0.00253459997475
0.00633649993688
0.0
0.00253459997475
0.00633649993688
0.00253459997475
0.0050691999495
0.00126729998738
0.0430882014334
2.06696629524
6.61277151108
0.503118097782
0.010138399899
0.0
0.0
0.0
0.00253459997475
0.0
0.00126729998738
