0.0272048003972
0.0388640016317
0.050523199141
0.050523199141
0.0330343991518
0.0233184006065
0.0291479993612
0.0233184006065
0.0213751997799
0.0174887999892
0.0136024001986
0.00582960015163
0.0136024001986
0.00971600040793
0.0116592003033
0.00971600040793
0.00971600040793
0.00388640002348
0.00194320001174
0.0136024001986
0.00388640002348
0.00777280004695
0.0155456000939
0.0116592003033
0.00388640002348
0.0116592003033
0.00777280004695
0.00194320001174
0.00582960015163
0.00777280004695
1.24947762489
12.0692148209
0.693722426891
0.00194320001174
0.0
0.00194320001174
0.00194320001174
0.00194320001174
0.0
0.0
0.0
0.0
0.0
0.0
0.0
0.0
0.0
0.0
0.0
0.0
0.0
