0.010138399899
0.0152075998485
0.0126729998738
0.0126729998738
0.010138399899
0.00633649993688
0.0139402998611
0.00633649993688
0.00633649993688
0.00633649993688
0.00760379992425
0.00633649993688
0.00887109991163
0.00633649993688
0.00253459997475
0.0050691999495
0.00126729998738
0.00760379992425
0.0050691999495
0.0
0.00380189996213
0.00253459997475
0.0050691999495
0.0
0.0050691999495
0.00760379992425
0.00126729998738
0.00380189996213
0.00253459997475
0.00380189996213
0.00380189996213
0.0050691999495
0.00253459997475
0.00633649993688
0.0
0.00253459997475
0.0050691999495
0.00253459997475
0.00380189996213
0.00126729998738
0.0430882014334
2.08977770805
6.6926112175
0.509454607964
0.0114056998864
0.0
0.0
0.0
0.00380189996213
0.00253459997475
0.00126729998738
