0.0296711996198
0.0321438014507
0.0346163995564
0.0519246011972
0.0346163995564
0.0271985996515
0.0296711996198
0.0148355998099
0.0123629998416
0.0123629998416
0.00247259996831
0.0123629998416
0.00989039987326
0.00741779990494
0.00989039987326
0.0296711996198
0.0271985996515
0.00989039987326
0.0173081997782
0.346163988113
16.3661384583
0.6700745821
0.0
0.0
0.0
0.00247259996831
0.00247259996831
0.00247259996831
0.00247259996831
0.0
0.00494519993663
0.0
0.0
0.00247259996831
0.00247259996831
0.00247259996831
0.00247259996831
0.0
0.0
0.0
0.0
0.0
0.0
0.0
0.0
0.0
0.0
0.0
0.00247259996831
0.0
0.00247259996831
