41616.1015625
17632.75
12054.9003906
8177.10009766
5704.29980469
3821.60009766
3372.0
2346.35009766
1671.94995117
1236.40002441
1152.09997559
660.349975586
674.400024414
323.149993896
168.600006104
210.75
168.600006104
84.3000030518
98.3499984741
84.3000030518
70.25
42.1500015259
42.1500015259
28.1000003815
42.1500015259
28.1000003815
0.0
14.0500001907
0.0
56.2000007629
28.1000003815
0.0
14.0500001907
0.0
0.0
14.0500001907
28.1000003815
0.0
0.0
14.0500001907
0.0
14.0500001907
0.0
14.0500001907
0.0
0.0
0.0
0.0
0.0
0.0
0.0
