41658.25
17506.3007812
12040.8496094
8219.25
5718.35009766
3835.64990234
3372.0
2374.44995117
1657.90002441
1236.40002441
1166.15002441
646.299987793
688.450012207
323.149993896
168.600006104
210.75
168.600006104
84.3000030518
98.3499984741
84.3000030518
70.25
42.1500015259
42.1500015259
28.1000003815
42.1500015259
28.1000003815
0.0
14.0500001907
0.0
56.2000007629
28.1000003815
0.0
14.0500001907
0.0
0.0
14.0500001907
28.1000003815
0.0
0.0
14.0500001907
0.0
14.0500001907
0.0
14.0500001907
0.0
0.0
0.0
0.0
0.0
0.0
0.0
