0.0
0.0
1.47339994783e-06
2.5047800591e-05
2.06275999517e-05
8.84040036908e-06
1.17871995826e-05
1.17871995826e-05
7.36699985282e-06
5.89359979131e-06
2.94679989565e-06
4.42020018454e-06
1.47339994783e-06
2.94679989565e-06
0.0
5.89359979131e-06
1.62073993124e-05
5.30424003955e-05
0.000271105585853
0.00137026200537
0.00276115164161
0.00113451795187
0.000231323792832
5.0095601182e-05
1.32606000989e-05
7.36699985282e-06
0.0
0.0
1.47339994783e-06
0.0
0.0
0.0
0.0
0.0
0.0
0.0
0.0
0.0
0.0
0.0
1.47339994783e-06
0.0
0.0
0.0
1.47339994783e-06
0.0
0.0
0.0
0.0
1.47339994783e-06
0.0
0.0
