0.0
0.0
0.0
0.0
7.84150017807e-07
3.13660007123e-06
2.35245011027e-06
2.35245011027e-06
0.0
7.84150017807e-07
0.0
1.56830003561e-06
2.35245011027e-06
0.0
7.84150017807e-07
7.84150017807e-07
0.0
7.84150017807e-07
1.56830003561e-06
0.0
1.56830003561e-06
0.0
0.0
0.0
0.0
0.0
7.84150017807e-07
0.0
7.84150017807e-07
7.84150017807e-07
0.0
1.56830003561e-06
9.40980044106e-06
6.27320014246e-06
9.40980044106e-06
3.76392017643e-05
6.27319968771e-05
0.000102723650343
0.000152909255121
0.000312091695378
0.000439124007244
0.000578702718485
0.000551257457118
0.000407757994253
0.000308955088258
0.000188196005183
0.000120759097626
6.03795488132e-05
3.60708982043e-05
1.72512991412e-05
1.88196008821e-05
1.96037508431e-05
