1.18759999168e-06
0.0
0.0
4.75039996672e-06
8.31319994177e-06
9.50079993345e-06
4.75039996672e-06
4.75039996672e-06
4.75039996672e-06
2.37519998336e-06
1.18759999168e-06
0.0
2.37519998336e-06
5.93799995841e-06
2.37519998336e-06
1.18759999168e-06
1.18759999168e-06
0.0
0.0
0.0
1.18759999168e-06
0.0
0.0
3.56279997504e-06
4.75039996672e-06
1.42511999002e-05
3.08775997837e-05
0.000110446802864
0.000279086001683
0.000642491620965
0.00114009599201
0.00127073202748
0.00084913399769
0.000428723607911
0.000143699595355
5.81923995924e-05
3.20651997754e-05
1.42511999002e-05
8.31319994177e-06
4.75039996672e-06
1.18759999168e-06
0.0
0.0
0.0
1.18759999168e-06
0.0
0.0
0.0
1.18759999168e-06
0.0
0.0
0.0
