1.71213341673e-05
0.000376669340767
0.0837918072939
0.315272241831
0.184824794531
0.108600616455
0.0686223059893
0.0438991002738
0.0292089954019
0.0205627214164
0.0148441959172
0.0107008330524
0.00782444886863
0.00563291879371
0.00472548790276
0.00350987329148
0.0033215386793
0.00234562275
0.00214016670361
0.00140394933987
0.00116425065789
0.00097591598751
0.000582125328947
0.00073621730553
0.000547882693354
0.000308184011374
0.000359547993867
0.000393790658563
0.000462275987957
0.000119849333714
0.000119849333714
0.000188334670383
0.000119849333714
0.000102728001366
0.000119849333714
6.84853366693e-05
5.1364000683e-05
5.1364000683e-05
5.1364000683e-05
1.71213341673e-05
0.000136970673339
1.71213341673e-05
1.71213341673e-05
1.71213341673e-05
1.71213341673e-05
3.42426683346e-05
1.71213341673e-05
3.42426683346e-05
1.71213341673e-05
0.0
1.71213341673e-05
0.000154092005687
