0.0
3.05544017465e-05
7.3839801189e-05
8.40245993459e-05
0.000122217606986
0.000132402405143
0.000229158002185
0.000302997796098
0.000774044776335
0.00262003974058
0.000445584999397
0.00034628319554
0.000310636387439
0.000341190811014
0.000328459806042
0.000287720613414
0.000224065603106
0.000302997796098
0.000196057400899
0.00017314159777
0.000145133395563
0.000165503006428
0.000145133395563
0.000114579001092
0.000117125200632
0.000106940402475
8.40245993459e-05
9.93017965811e-05
8.91169984243e-05
7.12936016498e-05
6.62012025714e-05
4.8377798521e-05
5.85626003158e-05
4.07391999033e-05
4.58315989817e-05
2.54620008491e-05
3.05544017465e-05
4.8377798521e-05
2.29157994909e-05
7.63860043662e-06
2.80082003883e-05
1.78234004125e-05
1.01847999758e-05
7.63860043662e-06
1.78234004125e-05
1.01847999758e-05
1.27310004245e-05
5.09239998792e-06
7.63860043662e-06
5.09239998792e-06
0.0
4.07391999033e-05
