0.0
0.066660001874
0.45662099123
1.00323295593
1.44985496998
1.72649395466
1.93647301197
1.78982102871
1.56317698956
1.28653800488
1.01656496525
0.896577000618
0.70992898941
0.523280978203
0.416624993086
0.339965999126
0.309969007969
0.219978004694
0.176649004221
0.109989002347
0.146651998162
0.0966570004821
0.106656000018
0.0733259990811
0.0499950014055
0.0399959981441
0.033330000937
0.0299970004708
0.0266640000045
0.0233309995383
0.0199979990721
0.00333300000057
0.0133320000023
0.0166650004685
0.0133320000023
0.00666600000113
0.0
0.0
0.00999899953604
0.00999899953604
0.0
0.0
0.00333300000057
0.0
0.0
0.0
0.0
0.00666600000113
0.00333300000057
0.0
0.0
0.0
