3.29257018166e-05
0.000230479898164
0.000197554196347
0.00055973691633
0.000921919592656
0.000823142472655
0.000526811229065
0.000428034109063
0.000460959796328
0.000329256989062
0.000164628494531
0.000263405614533
0.000131702807266
3.29257018166e-05
6.58514036331e-05
9.87770981737e-05
0.000164628494531
9.87770981737e-05
3.29257018166e-05
0.0
9.87770981737e-05
3.29257018166e-05
9.87770981737e-05
6.58514036331e-05
0.000131702807266
0.0
3.29257018166e-05
0.0
6.58514036331e-05
9.87770981737e-05
0.000131702807266
3.29257018166e-05
9.87770981737e-05
6.58514036331e-05
9.87770981737e-05
6.58514036331e-05
0.0
0.000131702807266
6.58514036331e-05
3.29257018166e-05
0.000428034109063
0.0258466750383
0.0807667449117
0.00625588279217
6.58514036331e-05
0.0
0.0
3.29257018166e-05
0.0
3.29257018166e-05
0.0
0.000164628494531
