0.001043000957
0.00159517803695
0.00208600191399
0.00202464894392
0.00092029501684
0.000797589018475
0.00024541199673
0.000552177021746
0.000122705998365
0.16626663506
0.00325170904398
6.13529991824e-05
0.000122705998365
0.000122705998365
0.000184058997547
0.000122705998365
6.13529991824e-05
0.0
0.0
0.0
0.0
0.000122705998365
6.13529991824e-05
0.0
0.0
6.13529991824e-05
0.0
0.0
0.0
0.0
6.13529991824e-05
0.0
0.0
0.0
0.0
0.0
0.0
0.0
0.0
0.0
0.0
6.13529991824e-05
0.0
0.0
0.0
0.0
0.0
0.0
0.0
0.0
0.0
0.0
