0.000412975990912
0.000412975990912
0.000825951981824
0.00118730601389
0.00118730601389
0.00103243999183
0.000619463971816
0.000361354002962
0.000516219995916
0.000412975990912
0.000464598007966
0.000361354002962
0.000103243997728
0.000206487995456
0.000206487995456
0.000309731985908
0.0
0.000103243997728
0.000154865992954
0.000103243997728
0.000206487995456
0.000154865992954
0.000103243997728
0.000206487995456
5.1621998864e-05
0.000103243997728
0.000154865992954
5.1621998864e-05
0.0
5.1621998864e-05
0.0179128348827
0.145315930247
0.00764005584642
0.0
0.000103243997728
0.000103243997728
0.0
0.0
0.000103243997728
0.0
5.1621998864e-05
0.0
0.0
0.0
5.1621998864e-05
0.0
0.0
0.0
5.1621998864e-05
0.0
0.0
0.000103243997728
