0.000621431972831
0.000828575983178
0.00193334405776
0.0015881039435
0.00138095999137
0.00138095999137
0.00103571999352
0.000207143995794
0.00048333601444
0.000345239997841
0.000552384008188
0.000276192004094
0.00048333601444
0.000207143995794
6.90480010235e-05
0.000414287991589
0.000276192004094
0.000207143995794
0.000207143995794
0.00407383218408
0.209215447307
0.00952862389386
0.0
0.0
6.90480010235e-05
0.0
0.0
6.90480010235e-05
6.90480010235e-05
6.90480010235e-05
0.0
0.0
0.0
0.0
0.0
0.0
0.0
0.0
0.0
6.90480010235e-05
0.0
0.0
0.0
0.0
0.0
0.0
0.0
0.0
6.90480010235e-05
0.000138096002047
0.0
0.000138096002047
