55.4348526001
6.17370414734
2.57740902901
1.20647418499
0.669406831264
0.413721710443
0.23384270072
0.170885056257
0.131054699421
0.0706667527556
0.0526788495481
0.0513940006495
0.0269818492234
0.0256970003247
0.0179878994823
0.00770909991115
0.0154181998223
0.00513939978555
0.00770909991115
0.00642425008118
0.00513939978555
0.0102787995711
0.0
0.00256969989277
0.00642425008118
0.00128484994639
0.00385454995558
0.00256969989277
0.00128484994639
0.00385454995558
0.0
0.00128484994639
0.00128484994639
0.0
0.00256969989277
0.0
0.0
0.0
0.0
0.0
0.0
0.0
0.0
0.0
0.0
0.0
0.0
0.0
0.0
0.0
0.0
0.0
