0.000760551018175
0.000613778014667
0.000507034012116
0.000760551018175
0.000787237018812
0.00110746896826
0.0015611309791
0.00180130498484
0.00289543089457
0.00584423402324
0.00226830993779
0.00180130498484
0.00202813604847
0.0014143580338
0.00193473498803
0.00138767203316
0.00168121804018
0.00161450298037
0.00118752697017
0.00116084096953
0.000920667022001
0.000867295020726
0.000800580019131
0.000880638021044
0.000680493016262
0.000600435014348
0.000440319010522
0.000453662010841
0.000520377012435
0.00046700501116
0.000413633009885
0.000333575007971
0.000333575007971
0.000240174005739
0.000333575007971
0.000186802004464
0.000266860006377
0.000146773003507
0.000200145004783
0.000160116003826
5.33720012754e-05
0.000106744002551
0.000173459004145
8.00580019131e-05
5.33720012754e-05
8.00580019131e-05
8.00580019131e-05
4.00290009566e-05
4.00290009566e-05
4.00290009566e-05
9.3401002232e-05
0.000440319010522
