67.2526397705
154.551742554
181.388122559
137.415252686
113.165496826
91.5023880005
69.8392791748
64.342666626
54.3194389343
42.0329017639
28.7763690948
25.5430698395
17.1364898682
16.1665000916
11.9632101059
10.023229599
7.75992012024
7.75992012024
4.20328998566
3.87996006012
3.23329997063
2.2633099556
1.61664998531
0.646659970284
1.29331994057
0.323329985142
0.0
0.646659970284
0.646659970284
0.96999001503
0.323329985142
0.646659970284
0.96999001503
0.323329985142
0.0
0.323329985142
0.323329985142
0.0
0.0
0.0
0.0
0.0
0.0
0.0
0.323329985142
0.0
0.0
0.0
0.0
0.0
0.0
0.0
