0.0127828801051
0.0274595208466
0.0463971197605
0.0700691193342
0.119306877255
0.173752486706
0.240034073591
0.250923186541
0.312470406294
3.00208306313
0.279803037643
0.259445130825
0.251870065928
0.215888634324
0.207366719842
0.17564624548
0.163810238242
0.138244479895
0.14581951499
0.118359997869
0.103209920228
0.082851998508
0.0743300765753
0.0733831971884
0.0624940805137
0.0624940805137
0.0454502403736
0.0426095984876
0.0350345596671
0.0231985598803
0.0336142405868
0.028879839927
0.0203579198569
0.0189376007766
0.0184641592205
0.0175172798336
0.0113625600934
0.015150080435
0.00662815989926
0.0080484803766
0.0089953597635
0.00852192007005
0.00615472020581
0.00426096003503
0.00710160005838
0.00426096003503
0.00236720009707
0.00331407994963
0.00284064002335
0.00189376005437
0.000946880027186
0.0118359997869
