0.00667406991124
0.0041071199812
0.00770084979013
0.00667406991124
0.0041071199812
0.00256694993004
0.00308034010231
0.00462051015347
0.0041071199812
0.0010267799953
0.00256694993004
0.00256694993004
0.0010267799953
0.00051338999765
0.00051338999765
0.00256694993004
0.00051338999765
0.0010267799953
0.0010267799953
0.00051338999765
0.0
0.00051338999765
0.0010267799953
0.0010267799953
0.00051338999765
0.0
0.00051338999765
0.0
0.0
0.00051338999765
0.00051338999765
0.0010267799953
0.00359373004176
0.0041071199812
0.00256694993004
0.00256694993004
0.00256694993004
0.00359373004176
0.00051338999765
0.0
0.0123213604093
0.835798919201
2.69529747963
0.227431774139
0.00513389986008
0.0
0.0
0.0
0.0
0.0
0.0
0.00051338999765
