0.0118832997978
0.00756209995598
0.0118832997978
0.0118832997978
0.00540150003508
0.00648180022836
0.00756209995598
0.00540150003508
0.00324090011418
0.00756209995598
0.0021605999209
0.0021605999209
0.0021605999209
0.0021605999209
0.00324090011418
0.00540150003508
0.00648180022836
0.00324090011418
0.00540150003508
0.133957207203
7.19911909103
0.354338407516
0.0
0.0
0.0
0.0
0.0
0.0
0.0
0.0
0.00108029996045
0.0
0.0
0.0
0.00108029996045
0.0
0.0
0.0
0.0
0.0
0.0
0.0
0.0
0.0
0.0
0.0
0.0
0.0
0.0
0.0
0.0
0.0
