0.0140439001843
0.015124199912
0.00540150003508
0.0118832997978
0.00864239968359
0.00648180022836
0.00972270034254
0.0043211998418
0.00540150003508
0.00648180022836
0.00324090011418
0.0021605999209
0.00324090011418
0.00540150003508
0.00540150003508
0.0043211998418
0.00756209995598
0.0043211998418
0.00540150003508
0.133957207203
7.18291473389
0.351097494364
0.00108029996045
0.0
0.00108029996045
0.00108029996045
0.0
0.0
0.0
0.0
0.0
0.0
0.0
0.0
0.00108029996045
0.0
0.0
0.0
0.0
0.0
0.0
0.0
0.0
0.0
0.0
0.0
0.0
0.0
0.0
0.0
0.0
0.0
