0.0113352397457
0.0161931999028
0.0137642202899
0.00404829997569
0.0137642202899
0.00890626013279
0.0048579601571
0.00647728005424
0.00566761987284
0.00242898007855
0.00647728005424
0.00323864002712
0.00404829997569
0.0048579601571
0.00080966000678
0.00242898007855
0.00242898007855
0.00080966000678
0.00161932001356
0.00323864002712
0.0048579601571
0.00161932001356
0.0
0.00404829997569
0.00566761987284
0.0048579601571
0.00080966000678
0.00080966000678
0.00242898007855
0.00242898007855
0.572429597378
4.99722146988
0.293906569481
0.00080966000678
0.0
0.0
0.0
0.00080966000678
0.00080966000678
0.0
0.0
0.0
0.0
0.0
0.0
0.0
0.0
0.0
0.0
0.0
0.0
0.00161932001356
