0.0082142399624
0.00359373004176
0.0102677997202
0.00770084979013
0.0041071199812
0.00462051015347
0.00564729003236
0.00359373004176
0.00616068020463
0.00462051015347
0.00256694993004
0.00154017005116
0.0
0.0020535599906
0.00051338999765
0.00154017005116
0.0010267799953
0.00256694993004
0.00051338999765
0.0010267799953
0.0010267799953
0.00051338999765
0.0010267799953
0.0010267799953
0.00154017005116
0.00051338999765
0.00051338999765
0.0
0.00051338999765
0.00051338999765
0.00051338999765
0.0010267799953
0.00359373004176
0.00359373004176
0.00308034010231
0.0020535599906
0.00256694993004
0.00359373004176
0.00051338999765
0.0
0.0123213604093
0.832718551159
2.68040919304
0.227945163846
0.00513389986008
0.0
0.0
0.0
0.0
0.0
0.0
0.0010267799953
