0.00566761987284
0.00890626013279
0.00728693976998
0.0048579601571
0.00809659995139
0.00404829997569
0.00323864002712
0.0048579601571
0.00242898007855
0.00161932001356
0.0048579601571
0.00080966000678
0.00404829997569
0.0048579601571
0.0
0.00161932001356
0.00242898007855
0.0
0.00323864002712
0.00323864002712
0.0048579601571
0.00161932001356
0.0
0.00404829997569
0.00566761987284
0.0048579601571
0.00080966000678
0.00080966000678
0.00242898007855
0.00242898007855
0.578097224236
5.03284645081
0.29552590847
0.0
0.0
0.0
0.0
0.00080966000678
0.00080966000678
0.0
0.0
0.0
0.0
0.0
0.0
0.0
0.0
0.0
0.0
0.0
0.0
0.00080966000678
