0.00864239968359
0.00756209995598
0.00540150003508
0.0118832997978
0.0043211998418
0.00540150003508
0.00648180022836
0.00540150003508
0.0021605999209
0.00648180022836
0.0043211998418
0.00324090011418
0.00324090011418
0.0021605999209
0.0043211998418
0.00540150003508
0.00756209995598
0.00324090011418
0.00540150003508
0.132876902819
7.20884180069
0.353258103132
0.00108029996045
0.0
0.0
0.0
0.0
0.0
0.0
0.0
0.0
0.0
0.0
0.0
0.00108029996045
0.0
0.0
0.0
0.0
0.0
0.0
0.0
0.0
0.0
0.0
0.0
0.0
0.00108029996045
0.0
0.0
0.0
0.0
