0.0041071199812
0.00154017005116
0.00564729003236
0.0041071199812
0.0010267799953
0.00359373004176
0.0020535599906
0.00308034010231
0.0020535599906
0.00359373004176
0.00154017005116
0.0010267799953
0.00051338999765
0.00051338999765
0.00051338999765
0.0010267799953
0.00154017005116
0.00154017005116
0.0010267799953
0.0010267799953
0.0010267799953
0.0010267799953
0.00051338999765
0.0010267799953
0.0010267799953
0.0
0.00051338999765
0.0
0.0
0.00051338999765
0.00051338999765
0.0010267799953
0.00359373004176
0.00359373004176
0.00256694993004
0.0020535599906
0.00256694993004
0.00308034010231
0.00051338999765
0.0
0.0133481398225
0.838365852833
2.70453858376
0.231025502086
0.00513389986008
0.0
0.0
0.0
0.0
0.0
0.0
0.00051338999765
