41627.2070312
17637.4570312
12058.1171875
8179.28271484
5705.82226562
3822.62011719
3372.89990234
2346.97631836
1672.39624023
1236.72998047
1152.4074707
660.526245117
674.58001709
323.236236572
168.645004272
210.806243896
168.645004272
84.3225021362
98.3762512207
84.3225021362
70.2687530518
42.1612510681
42.1612510681
28.1075000763
42.1612510681
28.1075000763
0.0
14.0537500381
0.0
56.2150001526
28.1075000763
0.0
14.0537500381
0.0
0.0
14.0537500381
28.1075000763
0.0
0.0
14.0537500381
0.0
14.0537500381
0.0
14.0537500381
0.0
0.0
0.0
0.0
0.0
0.0
0.0
0.0
