41627.2070312
17553.1328125
11987.8486328
8151.17480469
5762.03759766
3836.67382812
3386.95385742
2403.19116211
1672.39624023
1222.67626953
1194.56872559
660.526245117
688.633728027
323.236236572
168.645004272
210.806243896
168.645004272
84.3225021362
98.3762512207
84.3225021362
70.2687530518
42.1612510681
42.1612510681
28.1075000763
42.1612510681
28.1075000763
0.0
14.0537500381
0.0
56.2150001526
28.1075000763
0.0
14.0537500381
0.0
0.0
14.0537500381
28.1075000763
0.0
0.0
14.0537500381
0.0
14.0537500381
0.0
14.0537500381
0.0
0.0
0.0
0.0
0.0
0.0
0.0
0.0
