41669.3671875
17510.9726562
12044.0634766
8221.44335938
5719.87646484
3836.67382812
3372.89990234
2375.08374023
1658.3425293
1236.72998047
1166.46130371
646.472473145
688.633728027
323.236236572
168.645004272
210.806243896
168.645004272
84.3225021362
98.3762512207
84.3225021362
70.2687530518
42.1612510681
42.1612510681
28.1075000763
42.1612510681
28.1075000763
0.0
14.0537500381
0.0
56.2150001526
28.1075000763
0.0
14.0537500381
0.0
0.0
14.0537500381
28.1075000763
0.0
0.0
14.0537500381
0.0
14.0537500381
0.0
14.0537500381
0.0
0.0
0.0
0.0
0.0
0.0
0.0
0.0
