0.0
3.58106008207e-05
9.72002017079e-05
6.65054030833e-05
9.72002017079e-05
0.000199516201974
0.000322295411024
0.000460421986645
0.00084922282258
0.0037089549005
0.000532043224666
0.000511579972226
0.000445074605523
0.000450190389529
0.000378569209715
0.000363221799489
0.000296716403682
0.000281368993456
0.00020974779909
0.000240442604991
0.000189284604858
0.00020974779909
0.000163705597515
0.000143242403283
0.000153474000399
0.000112547597382
0.000112547597382
0.000158589798957
0.000102316000266
9.72002017079e-05
0.000102316000266
6.65054030833e-05
7.16212016414e-05
5.1158000133e-05
4.09263993788e-05
6.65054030833e-05
7.16212016414e-05
4.60422015749e-05
1.53473993123e-05
5.62737986911e-05
3.58106008207e-05
1.02315998447e-05
2.55790000665e-05
5.11579992235e-06
5.11579992235e-06
0.0
1.53473993123e-05
5.11579992235e-06
2.55790000665e-05
1.02315998447e-05
2.55790000665e-05
0.000133010806167
