0.0
0.0930944010615
0.512019217014
1.25677442551
1.80869114399
2.41380476952
2.12122249603
2.24091529846
2.00817918777
1.68234884739
1.35651838779
1.15038084984
1.01738882065
0.698207974434
0.465472012758
0.405625611544
0.345779210329
0.279283195734
0.206137597561
0.172889605165
0.139641597867
0.139641597867
0.0997439995408
0.0864448025823
0.05319679901
0.0664959996939
0.0598464012146
0.0398975983262
0.0332479998469
0.05319679901
0.0132991997525
0.0332479998469
0.0199487991631
0.00664959987625
0.0132991997525
0.0
0.0132991997525
0.0
0.0
0.0
0.0
0.0
0.0
0.00664959987625
0.0
0.0
0.0
0.0
0.0
0.0
0.0
0.0132991997525
