3.52729985025e-05
0.0
0.000176365007064
0.000211638005567
0.00014109199401
0.00028218398802
0.000423276011134
0.000493821979035
0.000846552022267
0.000811278994661
0.000705460028257
0.000776006025262
0.0012345550349
0.000952370988671
0.0013051009737
0.00137564702891
0.00116400897969
0.0013403740013
0.00141092005651
0.00162255798932
0.00165783101693
0.00148146599531
0.00197528791614
0.0013403740013
0.00172837695573
0.00169310404453
0.00141092005651
0.00186946894974
0.00141092005651
0.00165783101693
0.00857133883983
0.0530858635902
0.0040916679427
0.00176364998333
0.00126982794609
0.0013051009737
0.0012345550349
0.00165783101693
0.00144619296771
0.00169310404453
0.000811278994661
0.00126982794609
0.000952370988671
0.00112873595208
0.000846552022267
0.000740732997656
0.000670187000651
0.00102291698568
0.00119928200729
0.00105819001328
0.000670187000651
0.0114989979193
