8.90139999683e-05
0.0
0.000178027999937
0.00048957701074
0.000400563003495
0.000712111999746
0.000890140014235
0.00169126596302
0.00195830804296
0.00160225201398
0.00204732199199
0.00226985709742
0.00240337802097
0.00258140591905
0.00235887104645
0.00315999705344
0.00267042010091
0.00222534989007
0.00244788499549
0.00449520722032
0.0720568299294
0.00413915095851
0.00351605308242
0.00235887104645
0.00209182896651
0.00235887104645
0.00231436407194
0.00146873097401
0.00244788499549
0.00213633594103
0.00209182896651
0.00160225201398
0.00186929397751
0.00200281501748
0.00173577305395
0.00155774503946
0.000934646988753
0.00133521005046
0.00137971702497
0.001023660996
0.00106816797052
0.000623097992502
0.000712111999746
0.000667605025228
0.000578591017984
0.000623097992502
0.000712111999746
0.000845632981509
0.000578591017984
0.00048957701074
0.000578591017984
0.00596393784508
