0.0
2.34060007642e-05
7.02179968357e-05
4.68120015285e-05
4.68120015285e-05
0.000140435993671
0.000257465988398
7.02179968357e-05
0.000163842007169
0.000257465988398
0.000421308010118
0.000374496012228
0.000374496012228
0.000327684014337
0.00049152597785
0.00049152597785
0.000655368028674
0.000631961971521
0.000655368028674
0.000866022019181
0.000795804022346
0.00067877402762
0.000842616020236
0.00102986395359
0.000842616020236
0.000842616020236
0.000959646014962
0.000795804022346
0.00107667595148
0.000748992024455
0.0012405179441
0.00117029994726
0.00102986395359
0.00072558602551
0.000912834017072
0.0009830519557
0.00119370594621
0.000889428018127
0.000912834017072
0.000936240016017
0.00102986395359
0.0111880684271
0.0302873644978
0.0028321261052
0.00072558602551
0.00072558602551
0.000655368028674
0.0007723980234
0.000819210021291
0.000585149973631
0.000444714009063
0.0119838723913
