0.000101511002867
0.000236859006691
0.000473718013382
0.00104894698597
0.00081208802294
0.00196254602633
0.00230091600679
0.00230091600679
0.00341753708199
0.0434467084706
0.00351904798299
0.00263928598724
0.00253777508624
0.00250393804163
0.00223324191757
0.00274079688825
0.00179336103611
0.00216556806117
0.0017595239915
0.00179336103611
0.00213173101656
0.00172568694688
0.00148882798385
0.00111662095878
0.00138731696643
0.00131964299362
0.000981273013167
0.00081208802294
0.00101511005778
0.000778250978328
0.000778250978328
0.000541392015293
0.000676740019117
0.000372206995962
0.000473718013382
0.000541392015293
0.000236859006691
0.000642902974505
0.00040604401147
0.000270696007647
0.000203022005735
0.000304532994051
0.000203022005735
0.000270696007647
0.000203022005735
0.000135348003823
0.000270696007647
0.000236859006691
0.000236859006691
0.000135348003823
0.000135348003823
0.00155650195666
