6.76740019117e-05
0.000169185004779
0.000236859006691
0.000778250978328
0.00071057700552
0.000778250978328
0.00145499105565
0.0017595239915
0.00219940510578
0.0415179990232
0.00318067800254
0.0024362639524
0.00270696007647
0.00301149301231
0.00277463393286
0.00314684095792
0.00216556806117
0.00253777508624
0.00253777508624
0.00192870898172
0.00253777508624
0.00192870898172
0.00189487205353
0.00169185001869
0.00169185001869
0.00142115401104
0.00128580594901
0.000879761995748
0.00125196902081
0.000778250978328
0.00081208802294
0.000744413991924
0.000778250978328
0.000507555028889
0.000473718013382
0.000642902974505
0.000507555028889
0.000575229001697
0.000473718013382
0.000270696007647
0.000338370009558
0.000372206995962
0.000135348003823
0.000236859006691
0.000270696007647
0.000236859006691
0.000270696007647
0.000236859006691
0.000169185004779
0.000135348003823
0.000101511002867
0.00162417604588
