0.00014109199401
7.0545997005e-05
0.00014109199401
0.000176365007064
0.000105819002783
0.00028218398802
0.00014109199401
0.00014109199401
0.000493821979035
0.00014109199401
0.000388003012631
0.000458549009636
0.000458549009636
0.000776006025262
0.000529095006641
0.000634913973045
0.000740732997656
0.000776006025262
0.000952370988671
0.000846552022267
0.000917098019272
0.00119928200729
0.00105819001328
0.00144619296771
0.000952370988671
0.00151673902292
0.00141092005651
0.00151673902292
0.0012345550349
0.0012345550349
0.00825388170779
0.0627153962851
0.00342148100026
0.00183419603854
0.0012345550349
0.00112873595208
0.0013051009737
0.00141092005651
0.00109346304089
0.00148146599531
0.00119928200729
0.00112873595208
0.000987643958069
0.00112873595208
0.0013051009737
0.0012345550349
0.000634913973045
0.00116400897969
0.00148146599531
0.00119928200729
0.000740732997656
0.012557188049
