0.0
0.0
2.34060007642e-05
4.68120015285e-05
2.34060007642e-05
0.000117030002002
0.000140435993671
7.02179968357e-05
0.000117030002002
7.02179968357e-05
0.000187248006114
4.68120015285e-05
0.000257465988398
0.000210654005059
0.000280871987343
0.000374496012228
0.000187248006114
0.000210654005059
0.000327684014337
0.000468120008009
0.000351090013282
0.000468120008009
0.000351090013282
0.000561743974686
0.000514931976795
0.000444714009063
0.000585149973631
0.000304277986288
0.000748992024455
0.000655368028674
0.000585149973631
0.000748992024455
0.00072558602551
0.000655368028674
0.000608555972576
0.000819210021291
0.00102986395359
0.000702180026565
0.000631961971521
0.000631961971521
0.000842616020236
0.0118668423966
0.0384326502681
0.00271509611048
0.000631961971521
0.000631961971521
0.00067877402762
0.000748992024455
0.0007723980234
0.000585149973631
0.000514931976795
0.0133180143312
