0.000133520996314
0.000178027999937
0.000133520996314
0.000267041992629
0.000222535003559
0.000267041992629
0.00048957701074
0.000934646988753
0.000845632981509
0.000667605025228
0.00111267494503
0.00133521005046
0.00146873097401
0.00173577305395
0.00155774503946
0.00200281501748
0.0016467589885
0.00195830804296
0.00244788499549
0.00440619280562
0.0782433077693
0.00400563003495
0.00244788499549
0.00222534989007
0.00262591289356
0.00191380095202
0.00213633594103
0.00155774503946
0.00195830804296
0.00235887104645
0.00195830804296
0.00204732199199
0.00218084291555
0.00235887104645
0.00186929397751
0.00155774503946
0.00137971702497
0.00146873097401
0.0016467589885
0.00146873097401
0.00106816797052
0.001023660996
0.000979154021479
0.00111267494503
0.000979154021479
0.000801126006991
0.000801126006991
0.000979154021479
0.000667605025228
0.000712111999746
0.000578591017984
0.00761069683358
