0.00249239197001
0.000534083985258
0.000623097992502
0.000756618974265
0.000623097992502
0.000845632981509
0.00129070295952
0.00151323794853
0.00160225201398
0.00120168901049
0.00186929397751
0.00173577305395
0.00186929397751
0.00280394102447
0.00204732199199
0.00311549007893
0.00258140591905
0.00218084291555
0.00235887104645
0.00480675604194
0.0873227342963
0.00364957400598
0.00293746194802
0.00231436407194
0.00191380095202
0.00186929397751
0.00178028002847
0.001246195985
0.00169126596302
0.001246195985
0.00169126596302
0.00115718203597
0.00142422399949
0.00111267494503
0.001023660996
0.000979154021479
0.00048957701074
0.000712111999746
0.000667605025228
0.000623097992502
0.00048957701074
0.00048957701074
0.000445070007117
0.000445070007117
0.000356055999873
0.000356055999873
0.000222535003559
0.000222535003559
4.45069999842e-05
0.000222535003559
0.000311548996251
0.00222534989007
