0.00261020194739
0.000317456986522
0.000458549009636
0.00056436797604
0.000317456986522
0.000776006025262
0.000634913973045
0.00056436797604
0.00056436797604
0.000599641003646
0.000881824991666
0.000987643958069
0.00109346304089
0.00112873595208
0.0012345550349
0.00119928200729
0.00155201205052
0.00151673902292
0.00176364998333
0.00176364998333
0.00165783101693
0.00172837695573
0.00197528791614
0.00183419603854
0.00126982794609
0.00165783101693
0.00137564702891
0.00194001500495
0.00165783101693
0.00155201205052
0.00797169841826
0.0609517432749
0.00349202705547
0.00148146599531
0.000987643958069
0.000846552022267
0.00109346304089
0.00109346304089
0.000917098019272
0.00116400897969
0.000776006025262
0.000881824991666
0.000634913973045
0.000881824991666
0.000811278994661
0.000634913973045
0.000352730014129
0.000705460028257
0.000670187000651
0.000493821979035
0.000458549009636
0.00504403887317
