0.0018022620352
0.000140435993671
0.000140435993671
0.000163842007169
0.000163842007169
0.000304277986288
0.000374496012228
0.000257465988398
0.000163842007169
0.000374496012228
0.00053833797574
0.00053833797574
0.000444714009063
0.000444714009063
0.000585149973631
0.00053833797574
0.000421308010118
0.000561743974686
0.000795804022346
0.000819210021291
0.000795804022346
0.000748992024455
0.00067877402762
0.00105326995254
0.00110008195043
0.000912834017072
0.000936240016017
0.0009830519557
0.00119370594621
0.00100645795465
0.00107667595148
0.00121711194515
0.000842616020236
0.00105326995254
0.000936240016017
0.0009830519557
0.00110008195043
0.0007723980234
0.000795804022346
0.000819210021291
0.0009830519557
0.0108603844419
0.0341025404632
0.00245762988925
0.000631961971521
0.000585149973631
0.000702180026565
0.000655368028674
0.00053833797574
0.000468120008009
0.000421308010118
0.00603874819353
