0.00145499105565
0.000541392015293
0.000642902974505
0.00115045800339
0.00101511005778
0.00159033900127
0.00189487205353
0.00189487205353
0.00270696007647
0.0573198795319
0.00372207001783
0.00209789397195
0.0018271979643
0.00216556806117
0.00179336103611
0.00199638307095
0.00145499105565
0.00189487205353
0.00165801297408
0.00125196902081
0.00148882798385
0.00125196902081
0.000913598982152
0.000947436026763
0.000845925009344
0.000609065988101
0.00071057700552
0.000304532994051
0.000642902974505
0.000270696007647
0.000304532994051
0.000338370009558
0.000203022005735
0.000270696007647
0.000203022005735
0.000236859006691
0.000169185004779
0.000169185004779
0.000270696007647
0.000135348003823
3.38370009558e-05
0.000101511002867
6.76740019117e-05
3.38370009558e-05
0.000101511002867
6.76740019117e-05
0.000169185004779
0.000101511002867
3.38370009558e-05
6.76740019117e-05
0.0
0.000236859006691
