1.52897155285
34.8142967224
15.5633878708
6.73132896423
3.29050087929
1.9054325819
1.10754072666
0.754206955433
0.461261153221
0.298085212708
0.232557848096
0.131054699421
0.11692135036
0.0835152491927
0.0526788495481
0.0552485510707
0.0411151982844
0.0269818492234
0.0385455004871
0.0102787995711
0.0282666999847
0.0102787995711
0.0128485001624
0.0115636503324
0.00385454995558
0.00385454995558
0.00128484994639
0.00513939978555
0.00385454995558
0.00385454995558
0.00256969989277
0.0
0.00256969989277
0.0
0.0
0.00128484994639
0.00128484994639
0.0
0.0
0.0
0.0
0.00128484994639
0.0
0.00128484994639
0.0
0.0
0.0
0.00128484994639
0.0
0.0
0.0
0.00128484994639
