2.64293646812
44.606136322
12.0390443802
4.06141090393
1.71784448624
0.934085965157
0.490812689066
0.282667011023
0.18244870007
0.10664255172
0.071951597929
0.0385455004871
0.043684899807
0.0321212485433
0.0231273006648
0.0141333499923
0.0102787995711
0.0102787995711
0.00770909991115
0.00256969989277
0.00770909991115
0.00513939978555
0.00256969989277
0.00256969989277
0.00256969989277
0.0
0.00128484994639
0.00128484994639
0.0
0.0
0.0
0.0
0.0
0.0
0.0
0.0
0.0
0.0
0.0
0.0
0.0
0.0
0.0
0.0
0.0
0.0
0.0
0.0
0.0
0.0
0.0
0.0
