1.38763797283
35.6841392517
14.954369545
6.46408033371
3.21212506294
1.92342042923
1.12295889854
0.760631203651
0.466400563717
0.353333741426
0.236412405968
0.158036544919
0.146472901106
0.102788001299
0.0629576519132
0.0526788495481
0.057818248868
0.029551550746
0.0385455004871
0.0128485001624
0.0308363996446
0.0115636503324
0.0141333499923
0.0115636503324
0.00642425008118
0.00770909991115
0.00128484994639
0.00513939978555
0.00513939978555
0.00256969989277
0.00128484994639
0.00128484994639
0.00256969989277
0.0
0.00256969989277
0.00128484994639
0.00128484994639
0.0
0.0
0.0
0.0
0.00256969989277
0.00128484994639
0.0
0.0
0.0
0.0
0.00128484994639
0.0
0.0
0.0
0.00256969989277
