0.0698187574744
0.0729923397303
0.0692898333073
0.043372258544
0.0444301217794
0.0539508610964
0.0872734487057
0.140166446567
0.375540286303
0.809262871742
0.170315459371
0.127472132444
0.134348213673
0.120067112148
0.104199208319
0.102083489299
0.0904470309615
0.0978520512581
0.0756369903684
0.0830420106649
0.0661162510514
0.0719344764948
0.0592401586473
0.0565955117345
0.0470747686923
0.0454879812896
0.0444301217794
0.033851519227
0.0290911495686
0.0306779406965
0.0285622198135
0.0190414804965
0.0222150608897
0.0206282697618
0.0190414804965
0.0169257596135
0.0126943197101
0.0116364602
0.0116364602
0.0126943197101
0.012165389955
0.00793395005167
0.00740501983091
0.00740501983091
0.00846287980676
0.00740501983091
0.00423143990338
0.00634715985507
0.00687609007582
0.00634715985507
0.00528929987922
0.0285622198135
