0.0
0.0
0.0
0.0
4.19600000896e-05
0.000146859994857
0.000335680000717
0.000692340021487
0.00130075996276
0.00148958002683
0.00195114000235
0.00199309992604
0.00285327993333
0.00316797988489
0.00409109983593
0.00555970007554
0.00681849988177
0.0103850997984
0.0151265803725
0.0238122995943
0.0314490199089
0.019742179662
0.00862278044224
0.00476246001199
0.00419599981979
0.00417501991615
0.00398619985208
0.00346169993281
0.00377639988437
0.00379738002084
0.00337778008543
0.00344072002918
0.00300013995729
0.00300013995729
0.00260151992552
0.0030420999974
0.00241270009428
0.00239171995781
0.00201408006251
0.00180427997839
0.00216094008647
0.00142663996667
0.00190917996224
0.0017623200547
0.00148958002683
0.00123782001901
0.00123782001901
0.00117487995885
0.001069979975
0.00079724000534
0.00100704003125
0.0108676403761
