0.0
0.0
0.0
0.0
4.03910016757e-05
0.0
8.07820033515e-05
0.000161564006703
0.000484691991005
0.000363519007806
0.00092899298761
0.00117133895401
0.00092899298761
0.00157524901442
0.00205994094722
0.00210033194162
0.00238306890242
0.00262541510165
0.00234267790802
0.00278697907925
0.00250424188562
0.00311010703444
0.00355440797284
0.00347362598404
0.00416027288884
0.00484691979364
0.00638177804649
0.00791663583368
0.0101381409913
0.0132482480258
0.0167622640729
0.0192261151969
0.0124404281378
0.00549317616969
0.00278697907925
0.00262541510165
0.00222150492482
0.00205994094722
0.00177720398642
0.00165603100322
0.00149446702562
0.00129251205362
0.00157524901442
0.00153485802002
0.00113094795961
0.00117133895401
0.00157524901442
0.00125212094281
0.00121172994841
0.00105016597081
0.00133290304802
0.0160756185651
