0.0
0.0
0.0
0.0
0.0
0.0
2.57850006165e-05
5.15700012329e-05
0.00012892500672
0.00012892500672
0.00025785001344
0.000721980002709
0.000386775005609
0.0006704099942
0.000721980002709
0.00110875500832
0.00146974495146
0.000979830045253
0.0010056149913
0.00118610996287
0.00152131495997
0.00128924997989
0.00136660505086
0.00131503504235
0.00159867003094
0.00144396000542
0.00146974495146
0.00157288496848
0.00185651995707
0.00183073501103
0.00190808996558
0.00216593989171
0.00221751001664
0.00211436999962
0.00311998510733
0.0035841150675
0.00337783503346
0.00458972994238
0.00531170982867
0.00639468012378
0.0075550051406
0.00933417025954
0.00809649005532
0.00618840008974
0.00263007008471
0.00170181004796
0.00113453995436
0.00105718499981
0.000747765006963
0.00108296994586
0.000825120019726
0.0159093458205
