0.0
0.0
0.0
0.0
4.94304003951e-05
3.2953601476e-05
0.000181244802661
0.000790886406321
0.00382261769846
0.0117479581386
0.00871622748673
0.00471236463636
0.00527257611975
0.00558563508093
0.00519019179046
0.00591517100111
0.0055691585876
0.00558563508093
0.00542086735368
0.00495951669291
0.00410272320732
0.00393795501441
0.0040203393437
0.00364137277938
0.00304820807651
0.00298230070621
0.00253742723726
0.00238913600333
0.00229027518071
0.00191130884923
0.00201016967185
0.00163120322395
0.00125223677605
0.00123576004989
0.00118632963859
0.00107099197339
0.000972131208982
0.000856793601997
0.000543734407984
0.000576687976718
0.00060964160366
0.000576687976718
0.000741455995012
0.000527257623617
0.000510780781042
0.00044487361447
0.00037896638969
0.000313059194013
0.000263628811808
0.000346012791852
0.00037896638969
0.00413567665964
