0.0
0.0
0.0
118.664001465
59.3320007324
207.662002563
326.32598877
504.321990967
2640.27392578
4212.57177734
5072.88623047
4954.22216797
5399.21191406
4034.57592773
4064.24194336
2966.60009766
2966.60009766
2729.27197266
2313.94799805
2313.94799805
2284.28198242
1394.30200195
1572.29797363
1186.64001465
830.648010254
1216.30603027
741.650024414
533.987976074
771.315979004
533.987976074
593.320007324
533.987976074
266.993988037
237.32800293
415.324005127
207.662002563
177.996002197
266.993988037
237.32800293
148.330001831
59.3320007324
177.996002197
237.32800293
148.330001831
177.996002197
118.664001465
88.9980010986
118.664001465
59.3320007324
88.9980010986
29.6660003662
563.653991699
