1673.92207939
469.590850755
418.968608376
489.278745664
584.440820122
506.525014915
1839.82397354
1227.0008053
992.094313441
510.702657552
254.722656218
1687.40084181
465.651404367
558.469282454
1415.21019439
515.433548919
513.898359158
914.219112493
506.360102669
1160.51495989
452.280832724
471.641098689
483.301997821
928.063294727
1612.87653679
536.482024995
1236.36666005
349.132424583
716.102004824
3060.25403827
487.590980787
356.501152023
1454.32830995
555.598819131
540.973708499
577.261766368
243.35552708
843.240073512
533.731380598
681.576034093
730.370377493
1203.8876798
711.829938885
115.077513485
741.804213014
2747.20148966
509.055325731
884.505973832
501.258030197
517.170487141
272.849214007
1279.93975486
619.236554195
543.697436209
354.915084534
497.626511665
621.545761844
487.103547643
716.763524861
524.939322889
539.396206933
1297.47334261
497.250425873
552.651853779
470.978320804
500.457573525
471.645607822
486.544685429
651.834436422
590.811695284
1016.33467701
523.474505426
556.323023448
787.574408962
919.006043411
1349.58961898
480.109630958
488.692451193
827.847639952
571.109108143
1090.92019406
483.907295488
740.5184866
1073.35726832
642.729266036
625.970491083
521.65919659
735.683794027
1429.40444117
495.779024372
1182.99878114
504.650664585
499.450608922
713.046598987
382.276922635
459.24054585
940.861221748
453.949328257
653.705754055
496.456851603
538.237918507
538.774718249
1955.0878177
499.8504907
471.154113868
486.311551973
1055.8697068
1847.99308799
504.460322904
649.331879087
1355.11241001
2134.27697752
578.90101923
513.23537394
789.431958207
323.687777406
506.946337199
1111.43782623
1324.07860639
1289.14470069
454.033026369
1773.04751164
884.528696028
500.266949686
432.796708179
498.718389657
526.657119582
703.825650682
1090.05813329
502.038485841
508.868667718
897.553442692
486.700367273
517.957908569
1303.50482108
736.975592248
1400.73889078
555.470698214
508.096891206
602.731023429
503.322095309
1068.76418225
509.931422726
479.67137282
504.954127403
462.861247908
490.947379823
1131.18306166
1255.62465569
502.839502543
826.236372195
727.22731929
449.672088426
774.720808917
490.744277982
728.44932911
427.32962117
1227.97232128
795.881592073
464.710433215
1320.7888807
1792.7127661
284.465454068
1108.47347929
1362.31435895
198.789771135
511.020038
483.861576177
778.957115119
903.478952248
2222.31018373
2265.21735606
1180.56407846
475.038607654
944.029177631
2004.07061107
1866.53653394
1823.88719348
498.849667032
785.533800186
498.198038192
742.623477239
1160.76656254
1005.21690305
683.2965025
508.795814085
487.698760019
736.626919523
1201.26755914
1901.53411996
511.646042522
1667.14738235
480.637258483
1557.07557572
471.958187698
506.570798057
203.870710111
1097.15490836
394.468016131
1012.91086613
1359.18930275
1417.0531725
493.289583677
1244.11262979
713.235999555
955.355778926
897.965750797
1025.5607439
514.578305919
972.848498342
889.049479739
1068.99174996
789.124704029
1428.40331826
516.59952119
502.089254924
904.026782433
628.296492358
1152.26467122
516.689700216
376.328784161
787.810760214
519.956573539
725.92318223
555.968908851
553.704004463
576.534477453
497.916156397
1555.54436237
568.978303351
507.448339929
502.407066097
274.185790568
451.853847409
497.054175389
1004.38412488
654.91021853
475.707305535
868.628854525
1829.82710205
679.170768441
1504.98937408
477.497375551
323.036025315
508.051617861
1144.64154865
500.535892619
690.001820022
514.851860944
2019.46216389
543.13420491
2167.54032969
469.968964272
791.588581821
1364.44103346
469.568590367
469.990691484
848.441204766
1077.13892228
1462.92640172
456.91749101
882.731239152
513.889010007
540.052144729
500.017769988
1251.84372652
886.989744308
462.246931869
393.898299994
492.005039514
603.032891067
1973.52563232
506.841518291
2181.76646638
1639.33947968
2399.84428468
467.424288342
677.105692256
604.573594115
496.184821006
481.75092936
521.291713989
590.719023127
524.971451992
504.574480558
391.747563827
1027.92408379
2176.72742613
793.509077867
1115.78452856
600.02305711
891.318816864
1558.82367072
325.651547773
513.186114214
863.871469775
689.343656089
357.253101318
1170.67576001
609.843562467
1852.86825269
498.406811441
414.46006436
869.486875915
801.949220015
513.157320415
1166.94369398
521.91432374
507.682653842
505.321767413
506.130202779
527.062995413
761.832400714
504.459479808
521.334028352
867.809498546
507.179590556
510.4503375
670.982883973
479.016263668
618.931971807
490.294569695
500.676768994
471.347415738
494.169367538
474.540991859
474.782536464
261.337923029
501.999910013
891.910545781
771.029455013
970.973061035
826.378992178
777.264333538
535.381012098
507.322341117
500.791186851
446.865701648
508.778871629
506.289021939
484.290589645
469.727968478
1692.50407129
763.503039869
174.390418321
493.449077187
1020.88385517
502.359175267
870.711899947
961.602705349
1761.83331393
814.108337881
1097.59891952
480.688274892
343.552408748
809.705700092
501.104186978
255.430133062
1539.77278276
2367.30409421
1650.46026045
990.272827891
493.858728553
317.565746359
498.133079952
579.006082855
508.78688346
639.094441071
426.112281372
767.059437154
1057.62206114
311.067072977
426.154898931
1596.75742764
371.779027836
510.51167577
500.019560153
1136.78229725
590.452611712
1011.77464563
495.341175341
658.07782515
467.156320412
1425.68030064
767.515150588
1143.83017086
907.056669631
876.141624525
515.437566323
1836.61329808
892.351342516
573.136004561
1189.79473231
1635.72984161
423.765312625
699.145178929
672.758384073
416.853004545
418.734060377
416.803823839
992.078358366
506.678860958
464.587287914
514.088113238
1065.05533971
506.803964454
356.755339269
1121.45005473
478.317229563
1152.07904322
491.371666639
497.41152419
506.654061787
1363.13710217
499.670128461
489.849083465
797.753740702
1043.79197419
489.998895348
508.362639772
470.382769114
268.242171085
1332.09039691
513.052214557
512.711037026
299.021505143
497.076335943
638.904109503
501.099426261
494.548480876
489.30719143
524.536523375
503.141007236
923.372426238
293.477133649
334.65801559
623.974705372
472.073146808
501.522136884
1056.7178342
451.650178279
422.080569697
514.464071916
539.873826215
1995.22322526
2682.05595573
1333.67609184
396.6276302
1661.04229077
528.640940524
499.94441668
1399.16220403
1382.03171758
403.681314096
459.166586798
491.833498011
498.434273895
322.040104079
1294.22475871
618.701263085
375.478685891
500.016606042
501.882044815
415.50707514
817.858635108
515.680449248
485.698490466
944.11352568
877.268996863
1074.52116051
158.288834619
288.760954192
1126.02586802
480.667841529
834.109765361
867.58700093
496.719628532
476.447776118
485.49922092
527.347741715
591.606861022
509.455513039
431.087519463
408.567286748
1891.83012904
812.158557818
684.944324427
1367.4526289
448.634365892
498.962526133
501.075245807
500.758217244
1047.81905579
514.815441124
1310.71073187
700.533491399
455.612800808
500.394895373
501.693504594
914.961896419
778.4081045
897.871699344
363.028074765
435.727128177
1230.00587693
493.808213686
490.88872454
1843.70525588
768.196317793
279.121197645
668.123043975
630.096826762
699.669538546
748.913946152
375.5398104
379.638394881
529.368367366
499.805116432
498.435827462
832.687385523
142.834695553
1600.55509094
1602.76722923
486.616862753
727.034958512
929.297661011
764.816855979
497.969264622
936.177065043
517.338557449
627.260490156
652.356680119
424.775140577
477.225878403
338.698751131
493.102918565
389.720140123
253.983122814
371.830638687
795.01462214
1427.67418984
678.803521923
490.78147501
934.057685922
692.023511837
491.452725827
909.334915303
697.235612704
468.015533163
420.885945565
507.956726409
666.000804736
719.241312205
516.789666333
583.164556558
552.815180337
675.604249415
681.444124358
484.667956352
484.526464484
1081.33006703
629.350204438
1204.95772097
584.632767701
1501.87243372
765.863140053
490.619413626
544.648207799
530.062844696
508.209119853
1469.17391417
592.957656134
509.527841227
784.875570093
330.524188573
931.82830237
1531.7753702
446.031780147
563.276544552
508.644181291
461.698899924
1133.42249918
542.255508561
512.14826359
1314.86050131
801.931454103
651.149046833
810.755545041
2101.46850593
1200.21496951
481.681943065
187.503223104
380.608449175
866.850675252
505.351991409
1028.19390584
812.955389248
504.324483233
490.65463109
736.227218931
504.122988574
2622.0431636
511.165831079
599.875482758
1529.95319534
742.272141688
584.395788134
715.258499888
674.226297196
1374.06459118
460.94400177
633.242601673
756.077453961
560.936478617
930.996854994
1521.09895894
983.96168089
235.082160073
486.072680618
763.444697089
542.347326276
541.153700986
511.265911854
525.239444408
497.025233902
305.928503656
1082.41054289
449.218515465
373.632934531
472.517729404
505.103859998
1294.09631382
816.20738478
693.166567493
2273.63502118
501.918472067
501.729061144
1355.63257588
500.86393718
543.516333371
618.379445652
627.603515292
1241.06338659
594.118535057
1296.99060784
756.79933371
495.093243507
637.292506402
360.041695137
480.551655726
1613.46992882
539.441037396
665.280008655
503.454625212
517.590470539
515.414107343
471.331771061
823.785282788
2251.58559004
424.724105503
500.828280181
497.572492149
494.955210265
446.802706072
488.863734699
483.0320393
675.210836164
732.327579482
571.39861921
284.861989736
351.102466013
1306.15461689
490.234452885
609.200729774
280.797284818
507.098135231
496.36436202
536.204785356
594.162071056
498.370868645
243.15372532
173.594622699
499.328263983
480.45050439
270.126202251
1406.40956087
441.77324905
1696.69676103
611.334842874
498.776886509
701.296603215
495.401271676
503.010858064
1060.91912406
526.049909905
617.63098802
525.834821857
635.910195889
417.10217638
702.992721134
506.807115248
499.535005504
820.038507067
763.458361314
840.948820484
485.496762431
463.860970035
698.118525925
602.912723165
553.873240226
583.643033725
1580.86800563
699.212299211
463.795904478
1081.02560227
1094.23259543
1131.29502947
1264.78022114
489.211439506
420.067277308
487.547345274
513.106947991
1082.14787625
548.598893975
603.108158138
1247.52942136
1440.23843178
730.899321051
477.134522066
742.227129707
862.244763091
471.818928795
506.713690823
949.937178829
485.228742389
466.919341662
1721.64227265
487.334803707
395.640502817
653.206357525
472.807859246
889.944662563
422.745008623
497.767047211
522.541112044
1408.89162712
384.825865612
1216.7996156
514.312366186
1000.40911461
719.845752964
509.592308613
879.760952689
1315.66202757
507.340026684
1720.00262964
489.763474672
969.642315966
1560.06816489
765.745496422
527.916024307
243.518702083
1203.13027016
1196.42248245
508.303137519
1240.28362019
188.26836262
660.195113681
482.57628637
1375.17220751
500.184489296
1322.07535902
1095.20401644
523.891992059
492.428232777
1581.44124486
495.675577663
1005.55078912
505.39046995
506.76194834
584.627089939
505.491232434
466.289951734
880.968017632
905.349387365
488.688106123
504.684512657
430.65018634
601.29452372
492.822649023
941.592344089
479.177207735
2204.05896197
680.599698188
369.267891045
529.712866682
789.242552296
501.298445929
153.66123312
489.529016644
438.650295268
459.052046008
987.342109596
1459.38401531
509.064946962
260.660904386
975.613117527
311.538196891
841.970502273
501.964850585
487.778707232
964.015102706
608.617647825
877.157858432
477.218089256
520.57283575
244.829155963
523.673305043
1094.59189976
514.356201039
594.328418041
489.929401546
1239.64983444
1274.51743502
215.858898223
701.607235663
671.351940362
1677.33190553
1081.18667575
299.524201396
497.642675431
751.975360028
447.3564821
684.998710433
845.344725446
255.368993695
1685.87635858
900.073812913
513.375462159
701.998649641
1277.34612675
224.7333977
2276.70109745
1067.48154501
836.533989441
370.783581774
475.819732246
1252.09374581
671.234736367
844.106308052
812.727501962
546.375275774
435.798614915
299.233941487
516.002989746
589.617986043
635.477441519
482.406916697
850.391993661
507.835352007
758.131184104
524.707509224
942.707394029
605.998368479
491.179909603
867.557645501
1814.47117651
680.47110073
1353.2958241
489.069873987
834.893970378
588.646778026
529.228776869
263.723258999
490.226432958
496.324514056
1157.55961697
620.347430384
682.913829835
957.073539719
1321.35022066
710.668120386
500.301424165
371.301046115
1014.21618336
832.89884746
646.122397596
502.751152607
854.224249899
560.290987457
977.606364225
514.251493766
912.971985022
505.747611873
930.465444633
409.784811536
921.295368848
405.651776991
525.348100257
501.993897558
1023.85672659
456.023885478
798.61241427
385.967759126
715.218829344
612.273024527
358.296712115
610.664501767
486.360421376
496.498832472
511.753502458
498.951804184
523.639049924
495.299572484
865.517861458
494.067943049
851.715443778
475.530135777
1412.18513084
581.333004946
684.80011951
492.016579004
773.311847265
496.522047924
934.998781707
845.448830723
491.522285401
410.166951281
600.291388571
478.675476948
520.158639024
496.112262327
1069.10086279
935.093423188
998.97723044
1267.21880815
500.229681755
445.728773089
372.324033005
1042.29574184
498.220602817
466.543318016
430.145506649
1060.80630272
641.071758356
681.592137609
488.587649155
690.474593352
436.430000501
507.178211679
1163.4099646
876.658921986
648.87447267
522.991895532
449.364318183
530.483253888
827.518790215
1534.19015412
1355.8836611
576.971445814
1003.53675134
1457.47316929
993.412320021
467.19757027
718.018327846
1600.06867194
506.189294972
489.062241974
145.076546504
522.74486003
1850.85756036
693.389559229
1589.31541101
473.302155871
491.776853916
448.008331739
722.820311157
800.761910433
874.572091636
506.914602334
297.019196425
1459.79067797
670.947058026
444.804624803
494.322253236
1473.85122588
510.529283281
1197.83881279
887.520971511
500.060045595
503.864147326
501.057454628
578.427333352
958.996550731
481.410875546
500.763025807
751.835597815
388.188671554
505.185635369
656.581060537
932.692370919
614.414970566
275.404656103
502.637636423
2059.61655998
523.408625581
503.466168399
502.048591585
514.310882596
497.234765824
1730.82615694
436.153022842
928.915023449
1390.71819763
973.66990159
665.695476249
352.507267035
627.563851746
590.017014058
1195.53645469
498.692623129
805.590456904
1227.46593686
1826.07335389
1950.67435723
996.005869551
579.635255015
549.026289986
698.667093633
511.49849318
312.282970797
632.052659154
904.577508589
560.065243697
953.214935666
448.091274883
437.019057243
605.081400631
576.669603803
493.658090355
486.596087164
505.379651493
1201.41380968
902.881638305
720.319517173
490.37421143
494.201606615
1112.51118191
364.79953245
1700.49152795
518.388559814
505.69092727
445.537952831
366.120442486
554.008097883
539.626006569
753.361454622
578.776111125
489.136451304
1225.44780019
690.878350786
1118.71620334
661.363134963
455.903168799
496.560826473
2521.56041093
859.333957016
1289.07895045
1223.40097768
462.492534831
968.534869144
483.604265694
154.122771378
898.777582172
494.335280377
496.932813572
538.153068096
819.529069636
1047.37798293
1343.8952534
649.119203197
487.468264945
388.144868472
334.319697442
731.416371998
497.399045621
1449.27222777
854.061225716
451.024158753
489.851630355
758.169515508
163.891365108
872.47412004
661.504474096
624.841263637
523.943031631
1359.9951856
504.642234277
450.715328852
604.277073032
567.32850043
418.632301609
905.169391366
699.538730941
505.150002499
1729.71903535
547.569589064
477.304603537
498.969826996
376.886718175
1002.42203023
499.566642873
592.042423304
431.77825116
429.083060789
502.10173285
511.236886441
1084.51469459
1255.1504779
802.533862759
384.937083245
878.699228846
865.625774133
522.268847935
516.352988867
1086.9253461
507.030852146
470.903237522
361.288198409
185.936028735
760.704154607
551.074908171
900.692898823
489.176680713
1164.27719009
348.858915362
1337.65854918
1036.76571364
1146.93522137
509.898043255
499.157844298
1253.75266391
2555.33345776
450.189123096
1469.9875636
509.424984703
306.287296332
1699.12210159
496.939468628
495.607907553
517.928984228
1121.04640945
911.909547686
1086.16369073
476.817342693
625.344683989
592.411921162
455.268605701
512.832969676
205.180431052
453.900520324
405.488839752
1840.30814123
894.226081687
490.279497756
432.870183908
503.772242824
499.022726384
1786.42785339
816.495505176
1059.93099955
1517.19048008
659.272904041
397.891849584
436.373279541
772.434897941
1416.36568338
475.788533539
917.366344287
1596.8513177
517.786793299
466.268617683
503.072126198
458.960349453
1654.45562834
929.956130851
555.90934032
1379.13012771
484.151671691
502.281814773
500.850139342
701.767088802
492.154909032
1398.25433724
476.189466762
822.868402196
973.299564108
503.424173024
682.648809868
519.495160019
404.009812257
510.749027716
627.094813517
509.468250224
285.245908835
1474.16907405
1188.79302666
541.425784588
1564.01581813
586.041427919
821.909902153
820.136041174
495.758811226
631.410373422
420.192793972
2163.8974486
474.985368422
329.011280973
494.502252817
873.769781179
516.735782729
1085.78674532
1426.8067302
488.076700744
1635.04291577
629.13885944
407.731537432
900.830274242
540.167635063
612.094482105
497.163507505
427.222231061
978.303451813
1384.97803324
1122.92649007
915.842323754
408.416634108
470.281709591
501.155571297
1279.5453672
211.072689355
499.203169218
1273.01508392
479.49347439
363.237970006
492.809686765
990.38118259
2573.97344936
399.243717261
491.948204181
734.721033527
813.488971467
1134.04740184
504.2330716
415.418820143
1682.68708445
766.92574022
495.678875701
842.692885601
503.657122218
1140.76765128
2306.69148013
465.107619243
539.163794599
812.734641302
1243.59691673
553.181836342
499.566206591
706.627159127
513.632690832
1184.21545659
849.267745485
457.377731828
567.837135231
492.447230513
265.553663228
983.835052771
506.519625344
313.619536417
375.405596081
486.166605926
416.998083611
379.637085578
684.19580193
559.31751501
503.102661406
488.976423705
491.952629275
2437.17829612
865.428155542
775.403495059
470.00119243
491.366036959
452.857607785
956.224054248
796.564795169
490.341806334
507.295992606
767.346507136
842.155949811
500.35257952
975.292858515
486.909448523
850.447760479
467.273931007
891.198250018
789.91096162
1240.48043566
1508.19471918
500.775777415
513.08753622
1375.77009509
687.236604032
1750.62106881
845.326068016
1413.19888528
460.956260573
1113.55694914
587.112807265
558.803145725
478.416984361
478.713780036
1090.18900095
566.003131053
1363.50333188
372.290778453
493.330163859
407.120942766
706.941649663
218.030954886
499.132106351
545.39847041
580.041555497
490.053889832
513.023407122
506.033347613
497.328133808
523.88492597
496.191493451
1217.97054375
636.788756284
677.739470748
456.872685874
504.739350026
630.798461772
544.490886215
504.388130182
653.515380107
498.386899004
509.376990395
518.20622287
506.727454586
494.677748832
518.525217498
615.121037537
506.979874019
1310.94820174
613.981271132
1026.13018598
499.610292209
496.606052231
1430.06432832
1074.18305477
1005.706268
1450.59618966
282.118038814
1298.29349462
733.200815779
700.967064418
504.636499575
484.478230308
539.095363998
845.864829001
508.397416142
952.357833243
1633.30461471
693.883948143
1504.00399102
540.184534466
1020.3631019
958.662726322
376.832670471
687.987827445
800.81454812
508.309564504
487.318007541
493.761287851
502.903961001
448.736980999
365.828551635
826.281503133
512.460601411
499.26957892
518.345783835
506.895336974
490.013955348
370.730167259
467.970369108
875.935457629
510.980568841
682.619489453
963.238088649
1186.02725982
512.928286498
1055.77324373
1739.59259012
501.49335774
496.181369785
1432.77701014
457.551486144
508.911114156
1085.7408918
1354.85572823
784.347165535
670.204646227
1282.90001819
386.45468331
473.627391496
1449.85930676
1130.65211583
496.851587285
511.929541298
321.287792852
477.416799725
482.911686109
1013.45713476
1360.70039238
456.640099829
341.242427889
494.484412769
405.54488019
1231.98904702
549.973006591
327.303522574
1204.12302621
475.254769423
694.447084438
1010.7879399
472.724191232
482.304958727
566.256780702
466.472868361
505.548308524
728.200736852
556.808616228
485.562967939
519.435935959
500.611020663
474.85025888
1161.25400628
707.807349845
655.466408396
492.567662271
498.13716896
1015.97138101
516.178622592
1015.94946832
713.05975849
503.822881288
505.673200963
481.414675318
324.493519951
1856.55771103
1370.61811889
515.528256784
1193.99522324
1315.58586216
1252.01126361
468.412045834
1877.76527497
438.110391411
774.07016717
487.025290613
156.2053207
711.844833485
1052.61882502
507.629126121
509.592655476
503.394175214
777.423938973
918.25067349
496.851806452
912.50038357
1158.66921915
461.10059898
269.609092336
766.867037855
505.403940383
410.589703281
491.844102973
174.403050719
1584.1481919
496.443500841
599.829840923
530.849956198
1229.95478928
754.51365214
502.986412148
508.616653351
498.248883884
799.426663532
1000.51228581
1956.77425598
1301.04072169
493.596419917
483.195356285
283.815551278
504.623912353
505.038465419
560.879321904
524.20194116
499.696201539
339.275428229
1233.99598868
760.121700265
565.459299357
690.206237108
434.615626843
1286.07412615
663.708472578
1367.07998125
520.617072696
505.431349566
2339.98616139
1392.94877462
510.659244623
488.409287388
1748.58450439
1032.47387867
482.521714484
334.250598058
491.157880773
1241.27087867
448.830546089
486.158885986
508.058304325
496.324586162
363.425535678
975.978104394
390.061616556
512.316826849
496.031260987
515.921884069
1599.01090374
441.541755314
866.179285309
1291.47606867
477.484759696
501.450593039
517.859241174
533.349947018
361.558450868
1251.28442804
654.841510976
338.277981992
505.485652179
775.376444736
1590.87983604
618.390241564
642.690354973
581.145794601
452.854240453
655.152951227
440.065257008
1135.14962534
509.303786527
746.51839925
763.753724249
1297.64605825
1069.74183113
530.930224802
508.56876189
689.712835497
789.535226474
504.352019151
1212.99937612
1313.85926102
422.580508344
498.904992011
410.044819083
573.348338342
483.590299512
508.372202989
465.18129268
407.78040847
437.876992956
389.886909073
499.044832405
628.215884137
636.090088139
642.188997331
482.536904946
1004.58292608
518.707058932
1463.2136881
1540.3795424
1100.26095626
419.375528752
494.408603997
1255.59682185
1392.23983439
584.731418782
508.415553718
933.967714736
491.727598092
492.483093104
372.810073497
513.600383723
498.265983794
503.634874211
544.248334248
494.971076097
1257.34604385
436.193132823
914.56352584
543.383854694
760.949699782
933.881680968
363.979237163
212.125732436
505.715728905
340.104043578
647.744695966
499.951744781
1357.26125474
492.343096122
1155.51086697
496.136148097
353.73507246
386.595070687
764.447658789
498.314570798
646.619365425
1874.32095258
726.51876838
418.571776159
502.437906995
870.212383818
467.577591676
494.533448557
965.810293213
264.75278123
1811.99039028
489.503677522
519.949630411
501.467423007
765.642915792
184.41395984
494.67497458
414.304680254
514.704238821
1020.41253048
723.37247715
502.732742357
483.27327007
366.481439744
514.373340564
503.051028077
492.936077125
502.271397941
491.94537974
517.755630516
497.40624497
527.092062092
506.262482788
246.745426452
775.102884598
355.101559458
655.126987806
695.488072208
246.304679395
475.836342149
509.22504329
1088.37841263
438.535757116
1101.75174554
354.415877088
756.331885199
563.311472122
381.88110515
495.730845876
615.783778313
895.424301567
556.887803746
722.091362309
491.114113442
526.025873706
1199.7389434
520.202553751
706.682173058
496.625203924
1046.06503139
296.930618994
491.079418484
499.92856369
603.491897431
685.501118755
900.851458184
741.182652082
362.780967823
1168.90846505
733.497829223
176.249987663
481.369174561
484.006230742
1147.91551083
585.143738759
2437.40255076
497.315281408
1185.85774845
1158.55867369
1901.47975616
487.766219809
516.894664824
450.07338963
486.921960948
947.97618624
504.613368518
869.345412278
856.183325812
1407.96242273
893.26425273
859.523084871
857.351089173
498.404417953
514.684427438
503.569214195
721.992775034
2011.47404636
649.342837501
361.651511762
812.233522238
495.910582918
973.434314482
473.550996435
752.072597106
1175.40464636
801.460041017
551.585918311
1494.62645529
504.066688203
503.463449383
808.919007775
950.72032224
507.69841669
508.057031376
330.408871942
1122.12738511
815.233154715
756.541613403
493.909810892
629.148516291
484.614715224
2051.048358
651.168440997
485.973141088
438.716018037
446.56690463
488.014150608
643.804814256
783.106267879
525.658158067
755.096167175
808.605045646
812.722031296
364.044837866
683.860907244
1254.45602633
380.461592135
270.370883219
774.741696591
1079.93078748
1493.25755995
402.952971355
190.952373908
494.720707518
889.274495978
488.417914424
507.989835668
486.684410105
558.372005796
1180.60672469
515.711789866
1419.80585971
695.368035176
868.112711259
513.167550135
520.959376884
414.513805374
644.477370082
571.877470166
1145.10372258
514.628426849
796.832184254
379.99548776
688.366247575
680.372200308
1311.38253474
936.390461034
616.771060168
873.828847592
191.595701345
367.258523053
970.902237928
809.157195285
507.332921557
524.240822455
862.065295031
270.746713746
771.111476543
567.449347881
838.184016613
499.293863366
490.860531434
496.08449292
544.207531296
992.142101892
1918.09981929
1336.88993111
565.889697181
511.89103785
399.402132934
461.178482733
416.192678215
513.810373096
461.026097962
643.810079333
1009.90592256
1742.47763197
499.569231196
490.939925998
505.036724258
514.923111529
501.251316007
1366.87867697
964.506321563
513.018704392
732.027282722
778.410963552
779.124638979
515.838536302
1560.63947093
496.153983032
819.458136155
526.134653347
487.331629402
1910.26404452
481.56234994
187.08616599
1587.56366197
951.555040588
490.82793292
1055.94729701
528.615050876
494.441545934
647.34221043
505.477636932
695.574269696
1569.529393
492.386822475
497.483005956
368.670335711
508.441125898
465.935908953
497.336799427
1580.86040956
496.79409907
883.881574388
1176.45554839
135.547331184
457.177574551
466.760039666
1422.8408848
840.783126895
622.818269956
908.152886534
509.449220942
1153.26918518
1100.95181908
757.040936678
466.158665332
819.34135449
751.729428652
982.637367377
467.843757963
500.411743483
498.572109361
549.208347972
2523.11004088
631.046642147
505.844737008
563.169548606
1179.10583926
1401.20645863
783.528885168
876.781257432
455.38183165
1479.55760348
658.823167442
481.237987183
750.132975914
430.24226612
478.871953226
1128.26873515
539.58946673
652.525523144
689.56821673
652.768159271
559.245228181
1411.66121971
357.953996257
505.228794454
426.114826305
532.165268306
586.28361618
559.02147468
406.110708106
522.171955216
462.171880154
257.021700322
2651.04190191
1096.94263673
545.443041337
640.23026672
446.827035193
439.486386208
951.921616622
2880.77294178
799.635778299
827.099125061
511.382035069
172.826086756
510.568246203
1813.67821958
615.19116152
1401.11569426
802.160832455
1685.68078073
974.247647824
635.207822956
492.568665491
926.170245383
496.540021669
727.873498779
496.97270962
902.538097382
394.416043313
502.225728734
885.634383706
890.327265099
598.185831624
829.02338664
363.250986023
688.5173679
1866.62701786
923.622160149
506.145354164
1161.31839277
523.852145474
564.122452149
506.754386895
391.873941953
902.357316602
493.712483012
703.678953968
467.949359145
876.9671091
808.530892662
524.419603842
514.22165349
378.623644526
871.136297079
523.601820426
562.629484399
452.313901641
524.688311593
629.502660313
184.936047071
672.942329308
513.859317138
655.933962332
825.233494492
810.444481317
1920.08835805
507.123482806
510.264797698
497.319414644
503.123609567
244.381927214
655.997505337
554.234116571
508.148454823
922.058875636
1797.78460442
200.481036567
494.16796049
691.557555673
504.478465731
508.557531022
492.370730005
491.143881268
493.923282583
986.382835407
496.030616342
520.852246059
408.751518494
708.943198721
517.751508909
924.261775632
523.952146352
670.01167697
733.195395954
718.671170469
790.345169135
203.189670921
524.608030304
1333.80165488
1286.55361583
1872.66958161
494.580008691
389.551121126
496.712370764
924.037824551
391.028027562
447.938175166
504.745583274
486.37450123
173.133566625
1100.83843998
239.177684437
507.41895044
1420.6511203
646.398622222
688.394052613
1032.40549185
914.404391212
779.894072527
504.749076842
881.224205795
510.57703221
1095.93554713
543.071755261
410.55248082
499.808259848
490.491737143
449.370905539
480.23709456
442.758065601
111.939209328
432.811550471
517.441725044
812.411623875
461.574967122
501.14659434
591.387695582
484.721663283
486.893740384
2550.01062273
874.195760518
694.806004674
481.881874637
677.220247418
860.58923858
504.01765976
764.674045427
963.614106772
503.283743153
503.4007179
912.481976872
473.335264143
233.160118214
658.495947675
495.162799449
508.032066647
129.186008679
742.143117471
843.616668951
932.611488957
1492.04892917
499.197945022
504.344927029
527.339296562
550.64175717
1387.37528432
535.825061318
479.404602124
501.476626818
887.435833743
206.454760153
490.094004603
573.613606484
512.273298828
503.905015953
524.076336986
517.379240692
734.923118071
624.436066289
1148.18309955
454.519174723
183.88519024
482.791004727
507.200821554
825.385451144
492.688290354
859.060892843
1202.47586812
1070.17705959
1499.34688682
1020.01224501
954.939405493
566.218965251
496.734334904
484.721167756
495.426795956
498.912962284
551.67905894
1073.37940226
727.767013015
653.430959533
612.37242878
471.326198698
1111.94578
822.400775688
1863.35787307
500.047972444
606.892294839
747.63824369
496.412195348
501.350914777
1036.08161827
475.323033203
898.662274844
764.690625128
619.646136911
506.495150511
400.56160284
503.295200303
498.499800697
260.798625517
1313.85879144
673.777285329
821.833876482
1565.35852867
483.267887025
1599.14299808
501.864892943
513.681524274
336.815443496
1979.23760668
902.071657541
559.441401717
511.323472528
718.897115129
1407.01229435
894.589310152
491.016806362
552.131340288
912.669414727
592.980037007
604.11143865
521.299180059
675.323580721
234.032415377
1275.85214865
502.784715547
512.226178408
679.952888302
582.937217838
508.886638177
517.018184908
606.89111154
1045.07998578
839.400267052
602.655162493
544.974108169
501.790845419
2217.0221245
565.129595518
195.564713955
512.335392603
749.528902023
721.284818187
436.286025209
471.952935783
1304.82562776
347.508369075
504.163046733
498.840388127
959.070664414
493.604057139
512.058453023
388.481033843
510.820682937
486.720285741
735.372490454
709.039857401
332.099549357
1272.18130122
715.501069435
505.27161074
1126.66734259
1489.02527516
540.845964613
440.503799673
280.146532281
994.478064788
533.2942542
506.130104923
630.740607718
500.755402094
485.792679064
957.056305837
510.454076157
509.649724572
518.159348992
469.48852061
615.180417642
707.431433772
234.063917963
507.267830626
677.280014602
499.689062601
429.272274211
458.980100608
469.373190071
1066.13362034
685.405532612
514.042474404
788.755750908
509.221542084
523.092085247
290.342758235
1222.13457126
500.325474795
510.522928811
744.129144114
596.714015465
483.916848813
499.79696597
1811.39288835
1055.67136815
491.433598803
491.757579436
494.702312981
636.717156793
943.174103308
684.479149916
503.677301648
357.956669428
1509.62951734
562.510961206
516.872241876
352.536454058
509.468216494
560.722972016
527.905463433
424.029395702
517.149229361
599.504707482
788.442870107
523.513227329
646.529863754
1163.75553023
439.732814337
476.456919896
512.047670618
530.568788805
684.406966182
520.922965188
627.52523373
459.989477257
509.35058155
754.169368475
517.752475792
1708.30270913
1324.38406926
492.531640715
726.412835676
495.825619234
518.290714095
509.166582085
1130.7688015
785.864173746
1510.75574072
927.680159933
728.034701573
418.814113782
2014.7999443
317.465629718
460.88719975
503.321167425
629.680390552
511.260619471
449.997337302
482.155652401
479.679058519
500.727965541
1205.39558584
280.382052329
614.844447621
496.894803293
900.287178175
575.948700588
600.745601787
242.05518834
469.72357863
1614.48367077
1625.52093297
477.313080238
540.921726866
409.73284769
1667.76353966
461.761140457
738.310802253
955.225292888
1219.79327803
506.43193631
659.031061034
1249.08308736
578.29943617
898.075905353
782.977022641
468.969212569
439.37399408
421.89308575
1749.40807782
583.888745
312.531667251
804.592846123
1797.15006302
603.161431122
884.718677175
605.56397121
510.935917634
961.545389221
719.318612559
506.450986082
715.465417351
859.368939212
1431.78111024
178.792051842
513.607716411
516.35640326
711.668987836
2322.317375
2090.73790225
482.179177069
502.704500649
743.874036859
406.685770549
544.94371095
1263.66956716
565.696112295
1104.59370218
1070.16086762
1000.07179934
444.307811426
493.018890935
493.516756302
348.572935153
714.009122533
517.223128704
2288.63717164
625.40248239
752.824787837
1884.6802417
1738.14068285
471.922715573
488.868458941
536.741432919
131.426172549
760.851924164
492.523567136
507.798071219
767.094948037
853.417076884
347.12564212
514.116603532
561.335173453
491.803179723
896.594700821
859.757895992
502.679847083
486.110255502
683.907529738
1056.23471281
2065.0216825
578.776386421
975.682280119
198.128629419
933.835861043
505.352396971
475.232627246
887.929419188
430.429214141
443.345424689
490.783392909
350.525967687
1564.69349171
469.429696165
507.030635552
467.820464646
1657.63492679
551.863128987
646.352487699
1029.4303286
516.171528885
511.489519467
608.214470688
499.395185801
764.183162674
357.781831434
207.36434864
1137.36530966
491.334012957
506.695946757
497.07309056
417.047254893
1644.67754728
510.837592073
1055.91977266
490.213128083
952.285868172
326.423467048
530.586477203
822.91435222
519.164706602
496.802465789
585.008742234
486.066824421
1243.71790946
751.020047705
1165.39160297
560.560379162
475.12266638
487.686009941
1141.12223006
472.773574734
555.865372966
1846.75895708
499.543201523
355.90834759
496.465341379
444.288432683
1122.32068894
868.778454626
587.479777736
1565.79022025
621.48681038
1462.31845729
379.798434952
503.422845247
758.245331061
512.611593346
634.300090329
735.868602058
480.807563526
837.068928987
493.699178246
807.771232095
1565.95423983
500.104446089
480.624477862
1132.58729875
925.577070109
1041.81312424
1037.79581505
505.349272276
472.09227522
1227.04377366
445.609380071
1131.5600905
531.542700119
1230.20338847
1066.32949858
774.76601592
505.549058233
417.994697162
823.112173887
479.868046535
513.660017032
795.519278508
814.456114814
1507.09652689
516.379130788
928.535488184
1106.29629364
557.659685431
1379.76850333
532.820565767
269.251177224
419.647482355
517.479186312
592.047990203
727.917176738
513.000941725
493.711207945
397.448923977
1479.86840886
1852.2196313
1153.93551394
185.772529115
1157.91876933
1140.21856406
510.678718958
330.553619384
729.948970175
744.965026328
619.644562948
493.081470005
578.184994288
490.833574808
499.817593078
492.821946011
793.294606629
1230.47782235
1014.36840353
1259.78297042
928.459775663
568.60310896
676.441462222
834.383507852
167.041326401
565.876032058
514.744704551
504.931560413
886.586572513
907.56477839
1089.119332
503.42940224
1263.8471373
1636.56471461
636.136010358
997.459509641
871.613523809
994.471326323
496.19538005
806.768422924
396.707027691
872.713391553
1527.72956982
492.8041602
511.294047943
140.028321955
691.958942417
512.624764544
492.373852844
503.966532883
520.440613669
617.398644947
507.840068159
1366.9582588
294.796072146
462.948821856
1001.42941995
497.835849464
486.461151666
1617.62247507
1136.64012058
485.555770248
672.77305662
501.128329362
795.487222592
517.077122861
751.113607373
712.483659575
718.244421413
836.142685376
589.348288663
488.814178399
490.818632425
884.517953444
507.911064452
158.487544556
1077.06505998
581.781063686
311.523557377
392.657345337
1470.99091622
505.253933944
1043.3107835
180.763133041
2554.27639086
649.066443642
499.256211456
1146.4665512
1114.08049317
487.784810341
499.350348773
771.321959595
1044.93970867
838.273293031
531.041887107
756.722214905
619.924330073
341.969485645
508.426413799
535.058301556
635.780352599
352.478105379
741.457216728
656.142235031
505.681908895
608.794643955
762.498966997
799.94281641
513.888563197
1425.03635577
512.920722611
926.59014858
494.351227226
533.810754981
701.212450027
501.643812337
611.466407004
577.79699179
626.77622666
481.612300157
688.601850522
1330.05619335
1313.24000031
1704.70458291
1116.68748282
1105.97151804
819.15751987
478.055328978
491.482506644
514.86913381
688.762979472
656.03531951
920.47288006
497.076912758
492.855058724
599.135501264
486.667666041
872.043296767
1157.64754667
2040.27989793
506.093541667
1151.35424334
599.804780802
663.25839125
663.493325382
507.224161937
1529.37658845
435.47673725
333.592158468
599.219490642
359.874280911
953.321039296
614.527101553
490.312084762
374.401332705
511.289626184
495.253205413
1064.65208624
301.997210389
687.450129537
490.061186015
415.000890935
495.971657969
789.736464986
505.284685237
586.019486796
508.447413076
408.774517728
496.383607009
490.711592892
628.923829511
1358.36148177
504.735856122
496.604522045
1512.45007843
499.494994969
495.155900461
789.131876246
504.934490789
460.248774687
207.350844672
437.824619653
532.517710314
494.038527662
450.483418758
494.646293108
490.884421588
527.87305832
400.325809622
495.250599213
523.156748394
502.333875639
499.335561522
503.141312504
511.412016086
486.642553846
333.58540937
1105.48431846
765.131854481
282.199660695
658.98657535
502.316789098
931.181613963
732.640221531
510.716652508
555.860723606
414.002244138
926.098209921
495.471616065
899.141611204
480.031273516
463.452443392
493.920674777
497.06639117
907.090513127
1052.67310964
509.569942147
826.801994544
527.629677927
449.368375016
822.618265017
627.455128099
731.800053197
966.448736143
1220.97040141
261.763167341
879.74742942
182.901191828
216.546310693
490.738460531
497.578095443
500.762959902
497.297602372
689.271548815
352.033436594
1038.05957579
508.812528163
519.294871929
760.190485148
910.174114052
468.143093236
402.356184302
852.184441598
503.92213394
465.660280793
1187.57860495
784.245203614
216.980371728
1528.95809526
1692.99932524
474.783034164
640.43167892
333.544180455
503.959899325
567.560084979
504.01544559
514.376142115
504.953523607
788.575630831
549.330822348
592.970626078
318.901763485
560.978980147
978.015557499
499.09609252
1238.68541744
411.22118319
820.023830514
656.464540063
1288.7751858
489.276230272
723.012016885
921.557830397
748.542748834
501.941931591
905.010370575
433.550628909
501.094993266
878.7538467
1545.70007194
509.088475146
1734.9474377
1003.71088195
932.599077682
1104.32716699
476.700874147
692.199481901
500.24582102
785.394989427
245.839204582
506.743944767
502.780596903
501.641316422
1418.23389517
488.523467992
667.01794454
471.171914463
990.201382505
474.835877752
509.432527084
510.56727045
495.909747692
729.044028636
490.227002356
1260.11311134
417.072139288
729.673643391
499.578102493
421.308612913
680.241541437
506.788977796
474.906806567
487.858873244
505.752328273
317.834779059
624.118372296
1478.78857622
2839.71048666
842.835656458
894.216725372
1154.76269353
481.734062317
1258.85328717
483.342790027
497.260720909
677.688396965
512.351113888
1708.00336802
721.883288599
841.485813428
942.533043614
506.743821063
816.881885753
493.73160133
1560.30487564
499.793667362
1478.5064316
454.187374513
492.731835998
627.246163017
499.762116803
694.485397401
646.552565969
486.362984434
495.689881613
390.032751045
201.591732138
538.711746885
509.211409015
1133.74480182
449.449250191
1226.02673589
765.261207316
493.698533061
972.329013024
197.455778844
1069.42583015
496.287299066
604.770020051
1229.27451996
863.64961156
505.834689656
1225.64959656
1431.82939072
554.496947906
456.119945129
481.687748639
416.908753532
740.332485509
505.608618126
1453.37003674
765.034520707
357.274332696
774.124681282
1038.21110182
614.617671592
1045.19084941
386.841332038
587.065918286
505.688313126
972.204786911
504.947507114
442.105312281
489.074317638
698.518324324
502.264934998
1655.67252007
509.088445395
507.67563936
778.992333726
513.330444963
642.852376422
915.819660405
497.531709325
1602.60610979
481.421572518
621.526648841
1348.59490535
573.45589101
486.519335003
537.121972895
740.351756895
480.323433093
1416.45042392
525.042949795
493.20216596
201.098106792
526.794391259
2033.71395742
491.45710707
510.444229012
489.973654827
2234.77548421
793.69405352
611.30814031
513.889329137
562.714358348
2376.67404728
524.638695525
502.992629585
489.25605318
445.658328869
515.575718288
1790.10751631
503.121072413
424.270192545
1513.39134164
933.205733152
730.180057677
391.381398299
872.411603985
1006.24869192
806.719488354
498.961738566
536.949316597
905.913515023
503.351826778
781.462316646
796.294977009
476.138377433
1052.48836868
668.645010941
549.178079099
544.791386072
521.301686374
245.1052251
501.269822172
452.620366054
1421.22062097
492.616565502
518.253768375
423.626883696
1264.10095939
706.480407443
703.904484855
500.750976068
126.795350478
822.332389314
481.319652228
596.908246773
212.775128211
1669.71872042
895.472181309
498.383705526
367.886763619
509.818640817
623.08448782
489.842432181
503.5422231
491.466736144
462.137229198
1844.34331127
992.732454026
535.129265754
1098.92855862
678.980740185
1496.71760489
1232.04715286
818.904477358
478.22907895
255.652550355
370.341151377
505.484972727
458.023806381
603.007554133
972.507129225
493.986778177
454.876418423
568.516640974
710.767029784
497.823481253
530.249593235
673.099522654
1413.7337947
867.547835641
487.737743834
895.895848924
1239.9369657
525.65872031
392.312102591
654.710991219
1997.96611427
983.911921502
595.514896315
506.008554731
501.751121357
521.672092114
539.006865155
282.825700912
1606.88610938
517.276113753
523.556774014
447.369005094
1079.25830219
875.418156165
503.384606875
480.511115521
494.346206518
480.949593949
771.535555667
499.882531838
764.63151197
1291.11460047
862.030596376
684.764521244
771.733155012
481.3512695
497.509077417
501.647079832
553.235269272
1371.91410451
513.058165633
1152.28009316
501.556042923
493.748908374
944.839720727
574.278043234
1094.88998831
2201.10007203
466.401504209
511.912424091
191.85826243
537.680237057
501.174763246
445.400132968
3032.9174058
795.689280069
1137.92436781
680.162265988
1085.83498221
516.451513465
468.544215725
1831.99422065
487.578807816
331.528003275
502.96168656
1528.8593568
488.873314681
510.070534625
457.471228692
679.323250776
1259.89730192
710.566372833
754.541959393
882.049593845
517.883176448
550.052634397
501.823230902
858.595684408
753.180648262
510.43856525
262.994773639
500.835781891
483.96918377
579.052210676
1270.26319384
130.909156789
763.533344947
728.431862536
453.212013744
586.848202518
1763.24179586
506.389796772
453.170455147
647.995297237
890.75098444
467.757385874
614.475089817
569.558801722
983.041386234
507.957119539
1056.00435929
491.894630254
555.997763289
419.309213724
533.535205263
531.537034651
502.594738612
500.496230629
404.989620407
685.288390803
508.613474657
297.726369148
655.544926182
518.312854571
935.728275243
1335.61375878
733.342055442
494.769947814
2112.2001331
524.049896869
410.982096836
1699.04246675
508.822317668
444.051891988
608.374786559
545.665534353
494.293145104
497.247416388
442.926687738
2145.58416453
574.138575863
915.672009147
570.224678446
496.045801685
801.337099568
496.197495127
1098.37522241
1214.00605355
1016.76860705
492.656521507
1050.7395443
495.757141335
499.031447841
504.430207396
515.76202865
610.015410104
571.091556897
1796.62939981
444.074860046
509.648147525
461.597267811
358.378999959
670.548549373
268.538050162
163.50660134
1140.89191262
494.09555617
1068.23180169
873.672124954
766.981768858
489.008246958
510.799407695
1986.04806792
507.229501346
476.381109177
247.423327902
496.891169008
503.932226999
1456.21942819
1487.10219158
478.153617255
503.453467393
888.226677651
513.714115373
503.640924969
517.621345673
333.119914316
852.021073966
488.795052356
478.98477779
779.915599158
735.030891678
500.824961374
492.713689658
508.432263733
492.756700283
1404.99140353
998.25915894
715.144977183
494.632480814
815.152623296
469.203963318
543.1843658
1189.86076453
598.169972352
487.527707801
486.544874296
656.064480534
1038.47807125
493.834309295
485.896139338
488.184235069
499.754809073
731.127380314
560.627983664
871.680254557
707.530716205
895.101414407
1302.72941028
398.147654761
1236.33230072
774.109465013
518.788214166
463.93105611
744.365807264
800.372055479
505.053880291
874.874977533
515.369194172
425.768401294
1126.04259639
1222.00949506
638.355022619
920.274387142
824.786464715
503.267422032
514.010586201
499.404459843
1837.38171072
504.949595392
492.411719778
1384.44710127
509.78512969
1109.53018806
946.437423141
527.836402929
416.418466472
555.811006978
487.933582547
1108.75002159
480.041650722
1512.17243556
582.117645786
2059.28997406
500.858736857
397.051965788
790.094297053
490.277495341
989.604050048
306.298788838
509.346574637
495.536819579
292.202269805
840.326915518
1312.81371272
973.145051591
514.136761665
390.795495774
987.644253046
462.051231147
490.93746663
1050.17779429
600.522723465
506.974746962
1145.13483087
424.197069612
557.673628344
573.279055537
1011.76047111
642.254530086
503.618276673
1184.41233296
516.913654499
556.332127226
312.708146972
682.454673507
1072.95415613
502.778542885
499.40874453
668.590208519
492.845962018
1311.77043764
762.047949028
1090.73129185
500.131448834
1333.04850098
740.96600719
661.842995994
491.589053543
1100.74386404
498.153703569
1365.01819802
1365.00049136
481.873400257
498.793040793
1303.60790034
502.011906305
1225.13918214
1473.6492087
497.844471035
1632.39895386
555.995742805
1354.54163836
1305.29369429
478.467374559
715.108043992
214.466449642
1044.02213045
489.799138512
1071.52211952
486.406645756
955.7789564
531.216272438
489.537286133
799.125606377
478.162712436
721.271863469
1026.41560387
527.039794697
471.98874133
451.779800947
711.669963602
543.278661644
436.641166623
771.750579664
741.40130562
524.244961433
980.100974466
908.851870145
1980.7256219
263.044577548
715.405652424
273.235165373
2190.64055304
653.292257034
737.331372539
357.184990494
1151.05634187
495.24002056
730.114879859
480.832215192
857.010296774
894.565578386
494.81995642
424.554074968
610.633799642
783.548534137
201.965058108
491.053123868
509.967491849
469.401341384
1651.97864777
550.016664853
844.926450736
530.074191311
490.191542843
457.981921959
531.229691787
475.047637308
2039.65801599
480.864901536
511.075616262
622.437243146
483.569767184
884.243062151
2924.76774761
917.491392925
503.347639761
341.189436383
1269.615337
773.80310933
472.184991882
1435.965905
494.06652417
539.887147092
503.038499818
1658.83776927
1383.95855367
1519.30216796
511.971577839
550.324572591
522.873265828
1243.95856218
996.588026245
497.250637376
504.736546924
748.504758605
496.612172708
452.588161412
879.299306429
750.312981669
479.722050751
910.65119069
524.367753155
497.962327605
1045.88444949
774.774763072
510.205503219
861.694254448
501.24659988
510.024700754
498.955281507
942.431033197
1185.30085444
500.767008936
518.136598278
489.765103042
856.718709617
444.797797999
883.314537992
557.736221333
1458.03895004
350.803652829
499.054578803
1048.03261003
350.485580206
544.766168263
679.159536433
478.3605253
634.7041135
490.467097271
2200.4620362
130.463938032
1361.97843119
2585.49912542
556.112369814
378.618741976
1060.20861847
679.417205989
469.218781545
694.482699124
1691.15334331
464.960151923
237.075916864
505.625547057
481.661275497
500.945526322
505.341553666
506.368269732
556.922316756
431.692221954
490.189173997
305.126585397
671.346809779
1071.61210403
800.015589151
1622.3270281
444.704331326
798.871329204
491.853618206
806.076837391
664.364640927
997.99138958
1200.26085083
486.004158562
469.344466069
525.982699864
1096.86867642
1110.53616121
1224.16739073
590.233602956
576.197116912
492.760136209
139.328467673
506.866417609
1200.10177471
507.099445175
504.100484447
508.582240906
872.271408993
506.811198044
1176.26428427
1306.76556667
2094.23482694
505.999245284
1594.48192359
384.633365908
512.555542473
1634.26853579
994.473270782
489.59933062
504.572155573
510.70708653
745.606219841
647.432619951
849.110066089
562.781622161
508.908930127
512.484838821
387.774311208
598.283234159
657.333158777
874.514177582
475.323822473
492.782980353
529.802772707
961.77803151
514.792388595
513.475204992
777.657302059
509.279908034
1914.7687628
611.222012304
955.198782996
1992.54452147
496.872659089
490.573902323
384.441257658
1721.47757519
513.154182106
793.995439121
416.736268965
731.604577293
437.007671707
554.165135307
535.040405484
896.36914948
1467.99578294
504.920422485
245.91992822
787.971722561
484.309006853
1026.5314289
615.957644852
888.911757012
705.988270086
354.755352516
862.154829444
275.069002592
1260.03088467
920.281519021
770.551289196
1026.20209426
1455.07984929
213.14186194
547.287213369
766.451989823
663.395345957
489.479560497
315.722310079
909.847092586
875.484609034
339.172612378
1484.03638533
668.923611204
658.558692013
490.927457455
482.362676844
501.653651667
1254.17916144
543.336747515
480.903978755
520.57700593
1118.96565072
