0.000567841983866
0.000619463971816
0.00123892794363
0.00278758793138
0.00263272202574
0.00304569792934
0.0028908320237
0.00175514805596
0.00180676998571
0.00113568396773
0.000825951981824
0.000929196015932
0.000309731985908
0.000464598007966
0.000361354002962
0.000361354002962
0.000258109997958
5.1621998864e-05
0.0
0.000103243997728
0.000103243997728
0.000206487995456
0.000103243997728
0.000361354002962
0.000103243997728
0.000103243997728
5.1621998864e-05
0.000206487995456
5.1621998864e-05
0.000258109997958
0.022765301168
0.204165011644
0.0122344139963
0.000103243997728
0.0
0.0
0.0
0.0
0.0
0.0
0.0
0.0
0.0
0.0
0.0
0.0
5.1621998864e-05
0.0
0.0
0.0
5.1621998864e-05
0.0
