0.00284650805406
0.00212797196582
0.00273596402258
0.00226615206338
0.00135416397825
0.000939623976592
0.000718535971828
0.000801443995442
0.000469811988296
0.000442176009528
0.000331632007146
0.000221088004764
0.000165816003573
0.000193451996893
0.000331632007146
0.000248724012636
0.000248724012636
0.000331632007146
0.000193451996893
0.00444939592853
0.304548710585
0.0146747156978
0.0
0.0
0.0
0.0
0.0
2.76360005955e-05
2.76360005955e-05
0.0
2.76360005955e-05
0.0
0.0
2.76360005955e-05
2.76360005955e-05
0.0
0.0
0.0
0.0
0.0
0.0
0.0
0.0
0.0
2.76360005955e-05
0.0
0.0
2.76360005955e-05
5.5272001191e-05
0.0
0.0
0.0
