0.000164644996403
0.000164644996403
0.000691508990712
0.00121837295592
0.00167937902734
0.00207452708855
0.00197574007325
0.00121837295592
0.00105372804683
0.00062565098051
0.00118544395082
0.00042807700811
0.000658579985611
0.000263432011707
0.000329289992806
0.000296360987704
0.000296360987704
0.000164644996403
0.000296360987704
0.000131716005853
9.87870007521e-05
0.000230503006605
6.58580029267e-05
0.000131716005853
0.0
3.29290014633e-05
3.29290014633e-05
3.29290014633e-05
3.29290014633e-05
6.58580029267e-05
0.000164644996403
6.58580029267e-05
9.87870007521e-05
0.000131716005853
0.000131716005853
0.000131716005853
3.29290014633e-05
6.58580029267e-05
6.58580029267e-05
0.0
0.000592721975408
0.0363536141813
0.113341614604
0.00856154039502
0.000197574001504
0.0
0.0
0.0
0.0
3.29290014633e-05
0.0
0.0
