88.6045379639
10.2543878555
4.13978672028
2.01721453667
1.10754072666
0.656558334827
0.372606486082
0.256969988346
0.20300629735
0.11692135036
0.102788001299
0.0693819001317
0.0321212485433
0.0346909500659
0.0231273006648
0.0128485001624
0.0128485001624
0.0141333499923
0.0115636503324
0.0102787995711
0.00513939978555
0.0115636503324
0.00256969989277
0.00385454995558
0.00256969989277
0.00513939978555
0.00385454995558
0.00128484994639
0.00256969989277
0.0
0.0
0.00256969989277
0.0
0.0
0.0
0.00128484994639
0.00128484994639
0.0
0.0
0.0
0.0
0.0
0.0
0.0
0.0
0.0
0.0
0.0
0.0
0.0
0.0
0.0
