88.8075485229
10.1888608932
4.07939863205
1.98637807369
1.09597706795
0.648849248886
0.363612562418
0.253115445375
0.197866901755
0.115636497736
0.0989334508777
0.0680970475078
0.0308363996446
0.0346909500659
0.0218424499035
0.0128485001624
0.0128485001624
0.0141333499923
0.0115636503324
0.0102787995711
0.00513939978555
0.0115636503324
0.00256969989277
0.00385454995558
0.00256969989277
0.00513939978555
0.00385454995558
0.00128484994639
0.00256969989277
0.0
0.0
0.00256969989277
0.0
0.0
0.0
0.00128484994639
0.00128484994639
0.0
0.0
0.0
0.0
0.0
0.0
0.0
0.0
0.0
0.0
0.0
0.0
0.0
0.0
0.0
