88.7600097656
10.1965694427
4.10509586334
1.98509323597
1.09469223022
0.656558334827
0.364897400141
0.254400312901
0.200436607003
0.115636497736
0.0989334508777
0.0693819001317
0.0308363996446
0.0346909500659
0.0231273006648
0.0128485001624
0.0128485001624
0.0128485001624
0.0115636503324
0.0102787995711
0.00513939978555
0.0115636503324
0.00256969989277
0.00385454995558
0.00385454995558
0.00513939978555
0.00385454995558
0.00128484994639
0.00256969989277
0.0
0.0
0.00256969989277
0.0
0.0
0.00128484994639
0.00128484994639
0.00128484994639
0.0
0.0
0.0
0.0
0.0
0.0
0.0
0.0
0.0
0.0
0.0
0.0
0.0
0.0
0.0
