0.0
0.0
6.70579993312e-06
3.68818982679e-05
2.01174007088e-05
2.68231997325e-05
4.69406004413e-05
7.0410897024e-05
7.0410897024e-05
8.38225023472e-05
0.000127410196001
0.000137468901812
0.000147527593072
0.000167645004694
0.000130763102788
0.000130763102788
0.0002045269066
0.000181056602742
0.000224644303671
0.00214250315912
0.000496229215059
0.000164292097907
0.000144174700836
0.00017099789693
0.000167645004694
0.000130763102788
0.000117351497465
0.000130763102788
0.000100586999906
0.000124057303765
9.38812008826e-05
9.72341003944e-05
8.7175401859e-05
8.04696028354e-05
7.37637965358e-05
7.0410897024e-05
6.03521984885e-05
6.37050980004e-05
9.38812008826e-05
5.36463994649e-05
3.68818982679e-05
5.36463994649e-05
2.34703002207e-05
2.68231997325e-05
5.36463994649e-05
1.6764499378e-05
4.02348014177e-05
4.35877009295e-05
3.35289987561e-05
3.68818982679e-05
1.6764499378e-05
0.000301760999719
