0.0
2.54359997598e-06
1.27180001073e-05
2.79796004179e-05
3.30668008246e-05
8.90259980224e-05
8.90259980224e-05
0.00011700559844
0.000261990790023
0.00114462000784
0.000150072402903
0.000175508394022
0.000172964806552
0.000165334000485
0.000162790398463
0.000144985198858
0.000119549200463
0.000127179999254
8.90259980224e-05
0.000127179999254
7.8851597209e-05
7.63080024626e-05
7.12207984179e-05
6.10463976045e-05
6.35899996269e-05
7.63080024626e-05
3.30668008246e-05
5.59592008358e-05
4.06975996157e-05
5.08720004291e-05
3.30668008246e-05
3.30668008246e-05
4.06975996157e-05
2.28924000112e-05
1.52615994011e-05
2.28924000112e-05
1.52615994011e-05
2.28924000112e-05
1.27180001073e-05
1.78051996045e-05
7.63079970056e-06
7.63079970056e-06
1.01743999039e-05
5.08719995196e-06
5.08719995196e-06
1.01743999039e-05
7.63079970056e-06
5.08719995196e-06
5.08719995196e-06
5.08719995196e-06
0.0
3.30668008246e-05
