0.0
7.7691001934e-06
0.0
1.55382003868e-05
5.17939997735e-06
5.17939997735e-06
1.03587999547e-05
1.55382003868e-05
3.36660996254e-05
2.5896999432e-05
3.8845500967e-05
6.21528015472e-05
7.51012994442e-05
8.28703996376e-05
7.25115969544e-05
4.92043000122e-05
8.54601021274e-05
8.28703996376e-05
9.58188975346e-05
0.000103587997728
7.7691001934e-05
0.000113946800411
0.000113946800411
0.000121715900605
0.000139843803481
0.000113946800411
0.000108767402708
0.000108767402708
0.000183868702152
0.000650014728308
0.00126118387561
0.000113946800411
0.000108767402708
7.51012994442e-05
6.21528015472e-05
6.99219017406e-05
6.73321992508e-05
5.1793998864e-05
5.95630990574e-05
6.99219017406e-05
8.02806971478e-05
5.69734002056e-05
5.1793998864e-05
3.8845500967e-05
2.84867001028e-05
5.1793998864e-05
4.66146011604e-05
6.21528015472e-05
3.36660996254e-05
4.92043000122e-05
4.14351998188e-05
0.000502401788253
