1.66100005572e-06
1.66100005572e-06
3.32200011144e-06
1.66100005572e-06
1.66100005572e-06
0.0
3.32200011144e-06
6.64400022288e-06
8.30499993754e-06
6.64400022288e-06
1.32880004458e-05
2.15929994738e-05
2.65760008915e-05
2.82370001514e-05
4.15249996877e-05
3.32199997501e-05
4.81690003653e-05
4.48469982075e-05
3.82030011679e-05
4.65080011054e-05
5.81349995628e-05
4.98299996252e-05
5.64740003028e-05
4.81690003653e-05
7.97280008555e-05
6.97619980201e-05
5.3152001783e-05
6.81009987602e-05
5.64740003028e-05
4.98299996252e-05
5.97959988227e-05
8.30499993754e-05
4.98299996252e-05
6.47790002404e-05
4.81690003653e-05
5.48130010429e-05
7.47450030758e-05
6.14570017206e-05
7.30839965399e-05
0.00017274399579
0.000958396994974
0.000212608007132
4.81690003653e-05
4.98299996252e-05
5.3152001783e-05
2.98979994113e-05
2.98979994113e-05
4.48469982075e-05
2.82370001514e-05
3.98640004278e-05
2.82370001514e-05
0.000563079025596
