0.0
3.35289996656e-06
6.70579993312e-06
3.01760992443e-05
1.34115998662e-05
2.68231997325e-05
4.69406004413e-05
7.71167033236e-05
6.37050980004e-05
7.37637965358e-05
0.000124057303765
0.000134115995024
0.000134115995024
0.00017099789693
0.000150880499859
0.000117351497465
0.000227997195907
0.000197821093025
0.000254820392001
0.00216932641342
0.000439229886979
0.000160939205671
0.000157586298883
0.000167645004694
0.000150880499859
0.000117351497465
0.000124057303765
0.000134115995024
0.000117351497465
0.00010729279893
9.38812008826e-05
8.38225023472e-05
8.04696028354e-05
9.38812008826e-05
7.0410897024e-05
8.7175401859e-05
7.71167033236e-05
6.03521984885e-05
8.7175401859e-05
5.69992989767e-05
4.02348014177e-05
3.68818982679e-05
2.68231997325e-05
3.01760992443e-05
4.69406004413e-05
1.00587003544e-05
4.35877009295e-05
4.69406004413e-05
2.68231997325e-05
4.35877009295e-05
1.6764499378e-05
0.000301760999719
