1.66100005572e-06
1.66100005572e-06
3.32200011144e-06
1.66100005572e-06
1.66100005572e-06
1.66100005572e-06
1.66100005572e-06
9.96600010694e-06
1.16270002763e-05
4.98300005347e-06
1.16270002763e-05
2.15929994738e-05
3.15590004902e-05
2.65760008915e-05
4.31859989476e-05
2.65760008915e-05
3.82030011679e-05
4.31859989476e-05
3.654199827e-05
4.65080011054e-05
7.142299728e-05
4.31859989476e-05
4.65080011054e-05
4.31859989476e-05
6.97619980201e-05
5.81349995628e-05
4.98299996252e-05
6.64399995003e-05
5.97959988227e-05
5.14909988851e-05
4.81690003653e-05
7.64060023357e-05
5.3152001783e-05
5.81349995628e-05
5.48130010429e-05
6.81009987602e-05
7.64060023357e-05
6.47790002404e-05
8.30499993754e-05
0.000191015002201
0.00100324396044
0.000202641997021
4.81690003653e-05
4.65080011054e-05
4.65080011054e-05
3.654199827e-05
3.82030011679e-05
4.65080011054e-05
2.82370001514e-05
3.32199997501e-05
3.15590004902e-05
0.000534842023626
