0.0
5.08719995196e-06
5.08719995196e-06
2.79796004179e-05
3.81540012313e-05
8.13951992313e-05
8.6482403276e-05
0.00011700559844
0.000236554798903
0.00118023040704
0.000172964806552
0.000162790398463
0.000198400797672
0.000134810805321
0.000152616004925
0.000137354392791
0.000144985198858
0.000114461996418
0.000104287602881
9.92003988358e-05
7.63080024626e-05
7.63080024626e-05
6.86771963956e-05
6.61336016492e-05
5.85027992202e-05
7.63080024626e-05
2.54360002145e-05
5.85027992202e-05
3.81540012313e-05
4.57848000224e-05
3.81540012313e-05
2.79796004179e-05
4.83283984067e-05
2.54360002145e-05
2.03487998078e-05
3.05231988023e-05
1.27180001073e-05
1.52615994011e-05
1.27180001073e-05
2.28924000112e-05
7.63079970056e-06
1.27180001073e-05
1.01743999039e-05
0.0
1.01743999039e-05
1.01743999039e-05
1.01743999039e-05
5.08719995196e-06
2.54359997598e-06
5.08719995196e-06
0.0
4.06975996157e-05
