0.0
7.7691001934e-06
0.0
1.2948499716e-05
7.7691001934e-06
5.17939997735e-06
5.17939997735e-06
2.07175999094e-05
3.36660996254e-05
2.84867001028e-05
3.8845500967e-05
5.95630990574e-05
6.73321992508e-05
6.4742496761e-05
8.28703996376e-05
4.92043000122e-05
8.28703996376e-05
8.28703996376e-05
0.000100998302514
8.80497973412e-05
7.7691001934e-05
0.000121715900605
0.000108767402708
9.58188975346e-05
0.000129484993522
0.000108767402708
9.0639499831e-05
0.000103587997728
0.000176099594682
0.000678501382936
0.0013388749212
0.000119126198115
9.32292023208e-05
7.51012994442e-05
5.69734002056e-05
6.21528015472e-05
6.99219017406e-05
5.95630990574e-05
5.95630990574e-05
6.73321992508e-05
7.51012994442e-05
6.4742496761e-05
4.40248986706e-05
4.14351998188e-05
3.62557984772e-05
4.66146011604e-05
4.14351998188e-05
5.95630990574e-05
3.10764007736e-05
4.66146011604e-05
4.14351998188e-05
0.000523119408172
