0.0
4.98300005347e-06
3.32200011144e-06
1.66100005572e-06
1.66100005572e-06
0.0
1.66100005572e-06
9.96600010694e-06
9.96600010694e-06
8.30499993754e-06
1.49489997057e-05
2.49149998126e-05
2.82370001514e-05
2.82370001514e-05
4.15249996877e-05
2.65760008915e-05
4.81690003653e-05
3.48809990101e-05
3.98640004278e-05
3.98640004278e-05
6.64399995003e-05
4.98299996252e-05
4.98299996252e-05
4.81690003653e-05
6.81009987602e-05
6.47790002404e-05
5.3152001783e-05
7.142299728e-05
5.97959988227e-05
5.14909988851e-05
6.14570017206e-05
7.97280008555e-05
5.97959988227e-05
6.14570017206e-05
5.64740003028e-05
6.31180009805e-05
7.97280008555e-05
6.97619980201e-05
8.9693996415e-05
0.000215930005652
0.000994939007796
0.0002076249948
4.65080011054e-05
5.3152001783e-05
5.48130010429e-05
2.32540005527e-05
3.15590004902e-05
4.15249996877e-05
2.49149998126e-05
2.82370001514e-05
2.82370001514e-05
0.000471723993542
