0.0
2.28924000112e-05
3.05231988023e-05
3.81540012313e-05
3.30668008246e-05
8.90259980224e-05
0.000109374799649
0.000132267203298
0.000249272794463
0.00128706160467
0.000157703194418
0.000188226404134
0.000178051996045
0.000147528800881
0.000162790398463
0.000124636397231
0.000119549200463
0.000109374799649
8.90259980224e-05
8.13951992313e-05
7.12207984179e-05
6.86771963956e-05
5.59592008358e-05
5.59592008358e-05
6.10463976045e-05
5.85027992202e-05
3.30668008246e-05
4.57848000224e-05
3.5610399209e-05
5.08720004291e-05
2.79796004179e-05
2.28924000112e-05
3.81540012313e-05
1.78051996045e-05
1.52615994011e-05
1.27180001073e-05
1.52615994011e-05
1.78051996045e-05
7.63079970056e-06
2.03487998078e-05
7.63079970056e-06
7.63079970056e-06
1.01743999039e-05
0.0
2.54359997598e-06
5.08719995196e-06
5.08719995196e-06
5.08719995196e-06
2.54359997598e-06
5.08719995196e-06
2.54359997598e-06
2.28924000112e-05
