0.0
3.35289996656e-06
2.68231997325e-05
4.69406004413e-05
3.35289987561e-05
2.68231997325e-05
4.35877009295e-05
7.71167033236e-05
6.70579975122e-05
8.38225023472e-05
0.000120704396977
0.000154233406647
0.000130763102788
0.000177703695954
0.000120704396977
0.000144174700836
0.000227997195907
0.00021458559786
0.000274937803624
0.00231685396284
0.00045264151413
0.00017099789693
0.000130763102788
0.000150880499859
0.000177703695954
0.000100586999906
0.000124057303765
0.000110645698442
9.38812008826e-05
0.00010729279893
6.70579975122e-05
0.000110645698442
7.71167033236e-05
7.37637965358e-05
7.0410897024e-05
6.70579975122e-05
6.03521984885e-05
5.02934999531e-05
7.71167033236e-05
5.02934999531e-05
3.68818982679e-05
3.68818982679e-05
2.01174007088e-05
3.01760992443e-05
4.02348014177e-05
1.34115998662e-05
3.68818982679e-05
3.35289987561e-05
2.34703002207e-05
3.68818982679e-05
1.00587003544e-05
0.000227997195907
