0.0
1.03587999547e-05
7.7691001934e-06
7.7691001934e-06
7.7691001934e-06
7.7691001934e-06
5.17939997735e-06
1.81278992386e-05
4.14351998188e-05
2.84867001028e-05
3.8845500967e-05
6.99219017406e-05
6.4742496761e-05
6.73321992508e-05
7.7691001934e-05
5.1793998864e-05
9.32292023208e-05
8.80497973412e-05
0.000108767402708
0.000100998302514
8.80497973412e-05
0.000119126198115
0.000121715900605
0.000111357097921
0.000137254100991
0.000121715900605
0.000100998302514
0.000106177700218
0.000186458404642
0.000709577812813
0.00132074696012
0.000116536502901
9.58188975346e-05
6.99219017406e-05
6.73321992508e-05
6.99219017406e-05
6.4742496761e-05
5.69734002056e-05
6.4742496761e-05
7.25115969544e-05
5.69734002056e-05
5.43837013538e-05
3.62557984772e-05
3.8845500967e-05
2.84867001028e-05
4.66146011604e-05
3.62557984772e-05
5.69734002056e-05
3.10764007736e-05
3.62557984772e-05
3.62557984772e-05
0.000427300488809
