0.0
0.0133316004649
0.10998570174
0.363286107779
0.506600797176
0.566592991352
0.666580021381
0.59658908844
0.573258817196
0.473271787167
0.413279592991
0.399948000908
0.293295204639
0.273297786713
0.206639796495
0.166645005345
0.136648893356
0.106652803719
0.0799895972013
0.0733238011599
0.0699909031391
0.0666579976678
0.0599922016263
0.0399947986007
0.0433277003467
0.0166644994169
0.0199973993003
0.00999869965017
0.00666580023244
0.00999869965017
0.0133316004649
0.00666580023244
0.0
0.00999869965017
0.00666580023244
0.00666580023244
0.0
0.00333290011622
0.00333290011622
0.00333290011622
0.0
0.00666580023244
0.00666580023244
0.0
0.00333290011622
0.0
0.00666580023244
0.00333290011622
0.0
0.0
0.0
0.00333290011622
