0.0
0.00999869965017
0.103319898248
0.329957097769
0.503267884254
0.626585185528
0.733237981796
0.619919419289
0.576591670513
0.56326007843
0.466605991125
0.359953194857
0.273297786713
0.233302995563
0.196641102433
0.139981806278
0.113318599761
0.113318599761
0.0533264018595
0.0499935001135
0.0499935001135
0.063325099647
0.0533264018595
0.0433277003467
0.0366619005799
0.0233302991837
0.0166644994169
0.00999869965017
0.00333290011622
0.0133316004649
0.00999869965017
0.00333290011622
0.00333290011622
0.00333290011622
0.00333290011622
0.00333290011622
0.00333290011622
0.00333290011622
0.00333290011622
0.00333290011622
0.0
0.00333290011622
0.00333290011622
0.0
0.00333290011622
0.0
0.00333290011622
0.00333290011622
0.0
0.0
0.00333290011622
0.00666580023244
