0.0
0.0333289988339
0.139981806278
0.379950612783
0.523265302181
0.749902486801
0.77323281765
0.616586506367
0.589923322201
0.496602088213
0.383283495903
0.363286107779
0.276630699635
0.199974000454
0.169977903366
0.133315995336
0.106652803719
0.0933211967349
0.063325099647
0.0399947986007
0.0566592998803
0.0533264018595
0.0433277003467
0.0333289988339
0.0233302991837
0.0166644994169
0.0199973993003
0.00666580023244
0.00333290011622
0.00333290011622
0.00333290011622
0.00333290011622
0.0
0.00999869965017
0.00666580023244
0.0
0.0
0.0
0.00333290011622
0.00333290011622
0.0
0.00666580023244
0.00333290011622
0.0
0.00333290011622
0.0
0.00333290011622
0.00333290011622
0.0
0.0
0.0
0.00333290011622
