0.0
0.000628788024187
0.00193876295816
0.000681187026203
0.000419191987021
0.000523990020156
0.00136237405241
0.0017291669501
0.00261995010078
0.00319633889012
0.00429671816528
0.00440151616931
0.0066022737883
0.00597348622978
0.00686426879838
0.0097462143749
0.0111609874293
0.0158768966794
0.0266710910946
0.0519274100661
0.0348453335464
0.0138333356008
0.00812184531242
0.00817424431443
0.00686426879838
0.00696906680241
0.00754545582458
0.00544949620962
0.00602588523179
0.00539709720761
0.00565909221768
0.00523990020156
0.00523990020156
0.00461111217737
0.00413952115923
0.00461111217737
0.00392992515117
0.00461111217737
0.0026723491028
0.0026723491028
0.00303914188407
0.00220075808465
0.00277714710683
0.00246275309473
0.00204356107861
0.00136237405241
0.00193876295816
0.00115277804434
0.00125757604837
0.00136237405241
0.00136237405241
0.0111085884273
