0.0
7.76640008553e-05
0.000569536001422
0.000440095987869
5.17760017829e-05
0.000103552003566
5.17760017829e-05
0.000181216004421
0.000543648027815
0.00046598399058
0.000802527996711
0.000906080007553
0.00119084795006
0.00137206399813
0.00176038395148
0.00160505599342
0.00188982405234
0.00201926403679
0.00266646407545
0.00243347208016
0.00209692795761
0.00212281593122
0.00264057610184
0.00235580792651
0.00256291194819
0.00289945607074
0.0023299199529
0.00284767989069
0.00362432003021
0.00308067188598
0.00302889593877
0.0033136641141
0.00352076790296
0.0038573120255
0.00432329578325
0.0048151682131
0.00595423998311
0.00846537575126
0.0096303364262
0.0122709115967
0.0137206399813
0.0108988480642
0.00709331221879
0.0038314240519
0.00284767989069
0.00214870390482
0.00243347208016
0.00163094396703
0.00155328004621
0.00163094396703
0.00170860800426
0.0210210569203
