0.0
0.00020155000675
0.00124960998073
0.000725579971913
0.000120930002595
0.000161239993758
0.00044341001194
0.000604650005698
0.000927129993215
0.00185425998643
0.00181395001709
0.00257983990014
0.00237829005346
0.00298294005916
0.00403100019321
0.00370851997286
0.00411162013188
0.00386976008303
0.00431316997856
0.00459534022957
0.00463565019891
0.00528061017394
0.00580463977531
0.00648991018534
0.006449600216
0.00733642000705
0.00939222984016
0.0122542399913
0.0195906609297
0.0288216508925
0.025919329375
0.0166077204049
0.00826354976743
0.00572401983663
0.00467596016824
0.00386976008303
0.00403100019321
0.00415193010122
0.00338603998534
0.00411162013188
0.00306355999783
0.00306355999783
0.00278138997965
0.00257983990014
0.00209612003528
0.00185425998643
0.00177364004776
0.00233798008412
0.00181395001709
0.00165271002334
0.00133023003582
0.018986010924
