0.0
0.00181820883881
0.00239238003269
0.00146732642315
0.00108454562724
0.00121213914827
0.00151517405175
0.00259971967898
0.0101755894721
0.0227914061397
0.00811814237386
0.00808624457568
0.00775131117553
0.00808624457568
0.00722498772666
0.00744827650487
0.00760776828974
0.00714524136856
0.00631588324904
0.00604474684224
0.00543867703527
0.00480070943013
0.00470501417294
0.00376401119865
0.00349287479185
0.00326958601363
0.00288680521771
0.00263161794282
0.00247212592512
0.00223288801499
0.00172251358163
0.00157897081226
0.00156302156392
0.00132378365379
0.00111644400749
0.00105264724698
0.00111644400749
0.00102074875031
0.00103669799864
0.000781510781962
0.000685815582983
0.000653917202726
0.00052632362349
0.000318984006299
0.000271136406809
0.000446577585535
0.000303034787066
0.000271136406809
0.000223288792768
0.000334933196427
0.000303034787066
0.0029825004749
