0.0
1475.83337402
1763.33337402
3814.16674805
4877.91650391
4954.58349609
5395.41650391
5788.33349609
6449.58349609
7321.66650391
7609.16650391
7168.33349609
6162.08349609
4657.5
4235.83349609
3641.66674805
3335.0
2395.83325195
2070.0
1955.0
1792.08337402
1178.75
1197.91662598
939.166687012
862.5
728.333312988
757.083312988
412.083343506
555.833312988
412.083343506
277.916656494
268.333343506
258.75
287.5
268.333343506
239.583328247
134.166671753
143.75
162.916671753
143.75
95.8333358765
86.25
105.416664124
115.0
95.8333358765
76.6666641235
38.3333320618
19.1666660309
19.1666660309
57.5
19.1666660309
345.0
