0.0
0.0
0.0
6.29400019534e-05
0.00018882000586
0.00039862000267
0.000881160027348
0.00140565994661
0.00195114000235
0.00190917996224
0.00243367999792
0.00312602007762
0.00348268006928
0.0055387201719
0.00641987985
0.00973471999168
0.0137209203094
0.0221758596599
0.0323301814497
0.0234766192734
0.00992354005575
0.00488833989948
0.00448971986771
0.00440579978749
0.00413306010887
0.00352464010939
0.00400718022138
0.00379738002084
0.00375541998073
0.00331483990885
0.00306307990104
0.00300013995729
0.0028742600698
0.00312602007762
0.00230780011043
0.00237074005418
0.0017623200547
0.00224485993385
0.00169937999453
0.00199309992604
0.00180427997839
0.00151056004688
0.00146860000677
0.00125880003907
0.00123782001901
0.00109095999505
0.000818220025394
0.00102802005131
0.000776259985287
0.000818220025394
