0.0
0.0
118.664001465
59.3320007324
266.993988037
296.660003662
919.645996094
3589.5859375
5161.88378906
4657.56201172
5517.87597656
4983.88818359
4360.90185547
3352.25805664
3411.59008789
2640.27392578
2699.60595703
2373.2800293
2284.28198242
1750.29394531
1512.96594238
1334.9699707
860.314025879
1245.9720459
741.650024414
563.653991699
919.645996094
474.656005859
563.653991699
474.656005859
237.32800293
385.657989502
385.657989502
148.330001831
177.996002197
266.993988037
266.993988037
88.9980010986
88.9980010986
326.32598877
148.330001831
177.996002197
118.664001465
88.9980010986
118.664001465
59.3320007324
88.9980010986
29.6660003662
29.6660003662
59.3320007324
