0.000168269398273
2.70061991614e-05
2.49288004852e-05
3.49003203155e-05
4.36254013039e-05
3.98860793211e-05
4.40408803115e-05
4.15479989897e-05
4.19634816353e-05
4.57027999801e-05
4.98576009704e-05
5.40123983228e-05
5.44278809684e-05
5.48433599761e-05
5.69207586523e-05
6.48148779874e-05
5.73362412979e-05
6.73077593092e-05
5.89981609664e-05
5.81671993132e-05
0.000101377117971
0.000459520873846
0.00145916570909
0.000317842204822
9.80532786343e-05
6.02446016273e-05
4.36254013039e-05
4.19634816353e-05
4.03015583288e-05
3.57312783308e-05
3.3238400647e-05
3.07455193251e-05
3.24074389937e-05
2.90835996566e-05
2.36823598243e-05
2.36823598243e-05
2.45133196586e-05
1.99430396606e-05
2.24359191634e-05
2.11894803215e-05
1.99430396606e-05
1.03869997474e-05
1.41263199112e-05
1.24644002426e-05
1.32953600769e-05
1.3710839994e-05
1.08024796646e-05
9.55603991315e-06
9.14055999601e-06
5.40123983228e-06
6.2322001213e-06
8.01876376499e-05
