0.0220180340111
0.3769775033
0.233004227281
0.113137774169
0.0617395266891
0.0375128425658
0.022976828739
0.0149469235912
0.0100331017748
0.00652322778478
0.00457139592618
0.00361260143109
0.00260244263336
0.00207168143243
0.00160940538626
0.00102727999911
0.00077045999933
0.000684853352141
0.00056500401115
0.000496518681757
0.00042803332326
0.000291062664473
0.000171213338035
0.000136970673339
0.000119849333714
0.000136970673339
0.000102728001366
1.71213341673e-05
3.42426683346e-05
1.71213341673e-05
5.1364000683e-05
5.1364000683e-05
5.1364000683e-05
3.42426683346e-05
0.0
3.42426683346e-05
1.71213341673e-05
0.0
0.0
0.0
1.71213341673e-05
0.0
0.0
1.71213341673e-05
0.0
1.71213341673e-05
0.0
0.0
0.0
0.0
0.0
1.71213341673e-05
