39858.8242188
17559.9003906
11612.625
7786.5
5316.29980469
3611.32495117
3222.0
2107.72509766
1517.02502441
1181.40002441
912.900024414
724.950012207
469.875
187.949996948
174.524993896
214.800003052
93.9749984741
120.824996948
80.5500030518
67.125
40.2750015259
40.2750015259
26.8500003815
40.2750015259
26.8500003815
0.0
13.4250001907
13.4250001907
67.125
0.0
0.0
13.4250001907
0.0
0.0
26.8500003815
13.4250001907
0.0
13.4250001907
0.0
0.0
13.4250001907
13.4250001907
0.0
0.0
0.0
0.0
0.0
0.0
0.0
0.0
0.0
0.0
