0.0
0.000256609986536
0.0318709611893
0.305365890265
0.198256880045
0.125174358487
0.0770856440067
0.0536828115582
0.0353095345199
0.0240700189024
0.0173468366265
0.0117014162242
0.00959721393883
0.00718508008868
0.00672318181023
0.003797827987
0.00333592994139
0.00302799791098
0.00302799791098
0.00225816806778
0.00164230400696
0.00133437197655
0.000923795974813
0.00138569402043
0.000718507973943
0.000769830017816
0.000461897987407
0.000256609986536
0.000461897987407
0.000513219973072
0.000410576001741
0.000256609986536
5.13220002176e-05
0.00020528800087
0.000102644000435
5.13220002176e-05
0.000153966000653
0.00020528800087
0.000102644000435
5.13220002176e-05
0.000102644000435
5.13220002176e-05
0.0
0.000153966000653
0.0
0.0
0.0
0.0
5.13220002176e-05
5.13220002176e-05
0.0
5.13220002176e-05
